1 0.5203125 0.303125 0.05 0.0578125
1 0.4921875 0.3890625 0.059375 0.0578125
1 0.56875 0.390625 0.0453125 0.0546875
1 0.628125 0.39375 0.0546875 0.053125
1 0.4359375 0.471875 0.05 0.0515625
1 0.509375 0.540625 0.0609375 0.046875
1 0.4875 0.6140625 0.0515625 0.046875
1 0.6484375 0.6203125 0.05 0.04375
1 0.6421875 0.7359375 0.05 0.046875
1 0.6953125 0.6796875 0.0359375 0.0453125
1 0.7390625 0.6734375 0.0421875 0.0484375
0 0.5203125 0.4734375 0.05625 0.0453125
0 0.6578125 0.4703125 0.046875 0.0484375
0 0.5640625 0.61875 0.0515625 0.0453125
0 0.6390625 0.678125 0.0453125 0.0421875
0 0.5453125 0.740625 0.0625 0.046875