1 0.4546875 0.3265625 0.0546875 0.0578125
1 0.5453125 0.3265625 0.065625 0.0484375
1 0.63125 0.3203125 0.053125 0.0515625
1 0.5203125 0.4109375 0.059375 0.046875
1 0.6015625 0.40625 0.0625 0.0484375
1 0.49375 0.4875 0.0640625 0.0453125
1 0.628125 0.4875 0.059375 0.0421875
1 0.465625 0.5609375 0.0609375 0.0484375
1 0.5984375 0.559375 0.0484375 0.059375
1 0.4625 0.6359375 0.0390625 0.0453125
1 0.565625 0.6328125 0.059375 0.0390625
1 0.51875 0.6953125 0.053125 0.0375
1 0.4625 0.7546875 0.0484375 0.0375
1 0.61875 0.7484375 0.0453125 0.0359375
0 0.5390625 0.5640625 0.0390625 0.0421875
1 0.4171875 0.6375 0.0453125 0.0515625