1 0.434375 0.4203125 0.053125 0.0484375
1 0.628125 0.3375 0.05625 0.0515625
1 0.5140625 0.4125 0.0609375 0.040625
1 0.4859375 0.4953125 0.0546875 0.0515625
1 0.4109375 0.5734375 0.0546875 0.04375
1 0.55 0.5671875 0.04375 0.04375
1 0.746875 0.5609375 0.0453125 0.040625
1 0.7421875 0.6328125 0.046875 0.04375
1 0.625 0.6390625 0.046875 0.040625
1 0.4953125 0.634375 0.0453125 0.0359375
1 0.565625 0.6375 0.05625 0.0421875
1 0.571875 0.696875 0.053125 0.0328125
1 0.6484375 0.696875 0.0453125 0.0421875
1 0.496875 0.7 0.053125 0.0421875
1 0.4203125 0.75625 0.0515625 0.028125
1 0.5703125 0.7515625 0.05 0.0453125
1 0.6375 0.7546875 0.040625 0.03125
0 0.5 0.5703125 0.046875 0.040625