1 0.5765625 0.2875 0.05 0.0453125
1 0.5390625 0.365625 0.0546875 0.04375
1 0.771875 0.3734375 0.05 0.05
1 0.6578125 0.4515625 0.0546875 0.0453125
1 0.56875 0.446875 0.046875 0.053125
1 0.5125 0.4484375 0.0359375 0.05625
1 0.4859375 0.525 0.0453125 0.0453125
1 0.4328125 0.53125 0.053125 0.0515625
1 0.490625 0.5984375 0.05 0.0515625
1 0.6421875 0.6 0.0546875 0.0453125
1 0.728125 0.596875 0.0421875 0.0484375
1 0.64375 0.665625 0.0453125 0.0453125
1 0.575 0.6671875 0.05 0.0484375
1 0.4375 0.6703125 0.05 0.046875
1 0.6171875 0.7234375 0.05 0.0390625