1 0.5796875 0.303125 0.0625 0.04375
1 0.6578125 0.30625 0.0453125 0.04375
1 0.434375 0.3140625 0.0671875 0.040625
1 0.6265625 0.3953125 0.05 0.05
1 0.5140625 0.46875 0.05625 0.0453125
1 0.4359375 0.4671875 0.0484375 0.0484375
1 0.4859375 0.546875 0.05 0.0453125
1 0.409375 0.61875 0.046875 0.0375
1 0.5484375 0.6140625 0.053125 0.04375
1 0.7421875 0.60625 0.05 0.040625
1 0.7359375 0.675 0.0390625 0.03125
1 0.625 0.68125 0.0484375 0.04375
1 0.5625 0.6796875 0.0484375 0.0390625
1 0.490625 0.68125 0.040625 0.0421875
1 0.4953125 0.7390625 0.0484375 0.0375
1 0.5703125 0.7421875 0.05 0.0375
1 0.640625 0.734375 0.0515625 0.034375
0 0.5015625 0.615625 0.0484375 0.04375