1 0.575 0.3953125 0.0546875 0.0640625
1 0.54375 0.4765625 0.059375 0.05625
1 0.515625 0.5546875 0.040625 0.046875
1 0.56875 0.553125 0.040625 0.0453125
1 0.6546875 0.5546875 0.05625 0.0484375
1 0.759375 0.4703125 0.046875 0.05625
1 0.440625 0.6296875 0.0515625 0.0375
1 0.4890625 0.6265625 0.0453125 0.046875
1 0.490625 0.6875 0.0375 0.0421875
1 0.6421875 0.6875 0.040625 0.040625
1 0.721875 0.6875 0.05 0.0484375
1 0.640625 0.7390625 0.0375 0.0375
1 0.571875 0.7453125 0.046875 0.0390625
1 0.44375 0.7453125 0.0421875 0.0359375