1 0.5125 0.3359375 0.0421875 0.0484375
1 0.56875 0.3390625 0.0453125 0.0546875
1 0.6640625 0.340625 0.0515625 0.04375
1 0.4859375 0.4203125 0.0484375 0.0453125
1 0.43125 0.4234375 0.0515625 0.0421875
1 0.4890625 0.4953125 0.05 0.0515625
1 0.6515625 0.5015625 0.04375 0.0421875
1 0.73125 0.496875 0.046875 0.0390625
1 0.6484375 0.571875 0.04375 0.0390625
1 0.5765625 0.575 0.0515625 0.046875
1 0.4328125 0.5765625 0.05 0.0421875
1 0.615625 0.6375 0.0515625 0.0390625
1 0.515625 0.7015625 0.0578125 0.04375
1 0.4421875 0.70625 0.0484375 0.0421875
1 0.4875 0.7609375 0.0484375 0.03125