1 0.6625 0.2984375 0.046875 0.0515625
1 0.553125 0.296875 0.0609375 0.0421875
1 0.459375 0.3828125 0.0484375 0.04375
1 0.55 0.3796875 0.059375 0.0421875
1 0.6296875 0.38125 0.04375 0.040625
1 0.5171875 0.4625 0.053125 0.040625
1 0.603125 0.459375 0.059375 0.0484375
1 0.4921875 0.5375 0.053125 0.040625
1 0.621875 0.5359375 0.05 0.0390625
1 0.4609375 0.6078125 0.0421875 0.046875
0 0.54375 0.6109375 0.0421875 0.04375
0 0.6015625 0.6078125 0.04375 0.0515625
1 0.41875 0.678125 0.0390625 0.0390625
1 0.46875 0.6765625 0.0390625 0.0390625
1 0.5640625 0.678125 0.046875 0.04375
1 0.515625 0.7328125 0.04375 0.046875