1 0.4828125 0.3296875 0.0484375 0.0421875
1 0.5453125 0.3328125 0.0609375 0.059375
1 0.7109375 0.3375 0.059375 0.0484375
1 0.521875 0.4125 0.0578125 0.053125
1 0.4921875 0.4953125 0.0453125 0.046875
1 0.5734375 0.49375 0.0359375 0.0484375
1 0.621875 0.4984375 0.046875 0.04375
1 0.440625 0.5703125 0.0453125 0.0421875
1 0.509375 0.640625 0.05625 0.04375
0 0.521875 0.56875 0.053125 0.0453125
0 0.65 0.5671875 0.046875 0.0546875
0 0.5609375 0.7015625 0.0546875 0.04375
1 0.4890625 0.7078125 0.05625 0.0453125
1 0.6515625 0.7015625 0.0578125 0.0453125
0 0.6359375 0.753125 0.0375 0.028125
0 0.6921875 0.75 0.0390625 0.03125
1 0.7375 0.7453125 0.0390625 0.034375