1 0.48125 0.35625 0.053125 0.0515625
1 0.659375 0.3625 0.0515625 0.0453125
1 0.64375 0.4390625 0.0421875 0.040625
1 0.7078125 0.440625 0.046875 0.0484375
1 0.7546875 0.440625 0.05 0.0453125
1 0.646875 0.5171875 0.05 0.0453125
1 0.546875 0.515625 0.065625 0.04375
1 0.4640625 0.5875 0.05 0.0375
1 0.55 0.5890625 0.0515625 0.0453125
1 0.61875 0.5875 0.046875 0.040625
1 0.5234375 0.659375 0.053125 0.0390625
1 0.5921875 0.65625 0.0546875 0.0375
1 0.4984375 0.715625 0.0515625 0.0421875
1 0.6171875 0.715625 0.046875 0.0421875
0 0.5640625 0.35625 0.059375 0.0484375