1 0.653125 0.4078125 0.0453125 0.0546875
1 0.546875 0.4109375 0.0625 0.053125
1 0.4609375 0.4890625 0.05625 0.0375
1 0.5453125 0.4875 0.0609375 0.04375
1 0.621875 0.4859375 0.0375 0.0453125
1 0.59375 0.559375 0.0546875 0.0390625
1 0.5171875 0.5625 0.059375 0.0375
1 0.653125 0.3234375 0.0421875 0.053125
1 0.715625 0.3296875 0.0328125 0.04375
1 0.765625 0.3328125 0.0484375 0.0421875
1 0.46875 0.696875 0.046875 0.0453125
0 0.540625 0.6953125 0.046875 0.04375
1 0.621875 0.63125 0.0546875 0.0421875
1 0.4921875 0.6359375 0.053125 0.04375
1 0.5640625 0.753125 0.0546875 0.040625
1 0.465625 0.753125 0.04375 0.03125
1 0.4234375 0.7546875 0.04375 0.03125
1 0.5984375 0.6953125 0.040625 0.0421875