1 0.4890625 0.3765625 0.05625 0.0453125
1 0.6390625 0.3796875 0.0609375 0.05
1 0.4578125 0.4578125 0.0546875 0.0515625
1 0.6078125 0.4578125 0.0515625 0.0515625
1 0.4109375 0.54375 0.0515625 0.040625
1 0.459375 0.540625 0.0375 0.0421875
1 0.5703125 0.5390625 0.0625 0.0453125
1 0.5140625 0.609375 0.0546875 0.0515625
1 0.4609375 0.6734375 0.0515625 0.0453125
1 0.6171875 0.671875 0.046875 0.0375
1 0.490625 0.7328125 0.059375 0.04375
0 0.54375 0.4609375 0.05 0.046875
1 0.521875 0.2953125 0.0546875 0.0453125
1 0.6046875 0.2984375 0.0609375 0.040625