1 0.43125 0.3 0.0515625 0.046875
0 0.5171875 0.2984375 0.05625 0.040625
0 0.5109375 0.3828125 0.0609375 0.0515625
0 0.6671875 0.30625 0.0484375 0.053125
0 0.5671875 0.4703125 0.05625 0.046875
0 0.7015625 0.5421875 0.0453125 0.0359375
1 0.4828125 0.4671875 0.0578125 0.04375
1 0.653125 0.4703125 0.05 0.0421875
1 0.5484375 0.609375 0.0515625 0.046875
1 0.646875 0.6109375 0.0421875 0.0546875
1 0.6421875 0.54375 0.0453125 0.0390625
1 0.7484375 0.5421875 0.0390625 0.046875
1 0.4640625 0.68125 0.05 0.04375
1 0.5453125 0.68125 0.0453125 0.04375
1 0.521875 0.740625 0.0578125 0.0359375
1 0.5890625 0.7359375 0.0515625 0.0390625
1 0.6203125 0.6796875 0.0421875 0.0375