      0/14        0G    0.1362   0.06471    0.0393    0.2402       106       640  0.000361   0.00463  5.33e-06 1.599e-06    0.1397   0.03514   0.03524
      1/14        0G    0.1346   0.05497   0.03835     0.228        70       640 0.0003629   0.00463 4.927e-06 9.853e-07    0.1368   0.03783   0.03448
      2/14        0G    0.1334   0.06576   0.03732    0.2365       105       640  0.004683   0.00463 4.072e-05 4.532e-06    0.1325   0.04287   0.03358
      3/14        0G    0.1302   0.07295   0.03595    0.2391       110       640    0.5102   0.00463 9.209e-05  1.67e-05    0.1272   0.05003   0.03274
      4/14        0G    0.1264   0.06802    0.0347    0.2291        43       640  0.009682   0.00463 0.0002911 3.977e-05    0.1218   0.05757   0.03195
      5/14        0G    0.1235   0.07353   0.03444    0.2315        49       640   0.01401  0.009259 0.0006209 8.517e-05    0.1174   0.06302   0.03119
      6/14        0G    0.1209    0.0861   0.03246    0.2395        68       640   0.01712   0.01389  0.001262 0.0001547    0.1139   0.06617   0.03033
      7/14        0G    0.1168   0.08427   0.03114    0.2322        42       640  0.008477   0.02315  0.001396 0.0002891    0.1111    0.0677   0.02947
      8/14        0G    0.1153   0.08793   0.03125    0.2345        53       640   0.01046   0.09217  0.002912 0.0006335    0.1089   0.06824   0.02866
      9/14        0G    0.1143   0.08831   0.03078    0.2333        89       640   0.02878   0.07365  0.008717  0.001741    0.1065   0.06836   0.02798
     10/14        0G    0.1104    0.0795   0.02966    0.2196        43       640   0.04753   0.08754   0.02262  0.004125    0.1036   0.06849   0.02738
     11/14        0G    0.1085   0.08327   0.02823      0.22        56       640   0.06626    0.1843   0.05842  0.008444    0.1003   0.06893   0.02695
     12/14        0G    0.1062    0.0859   0.02752    0.2196        57       640   0.09449    0.2534   0.06022   0.01232   0.09732   0.06868   0.02659
     13/14        0G    0.1049   0.09297     0.027    0.2249        76       640    0.1205    0.2719   0.09596   0.01682   0.09577   0.06721   0.02628
     14/14        0G    0.1047   0.08476   0.02711    0.2166        87       640    0.1423     0.295    0.1141   0.02009    0.0943   0.06545   0.02599
