     0/299        0G    0.1362   0.06471    0.0393    0.2402       106       640  0.000361   0.00463  5.33e-06 1.599e-06    0.1397   0.03514   0.03524
     1/299        0G    0.1346   0.05497   0.03835     0.228        70       640 0.0003629   0.00463 4.927e-06 9.853e-07    0.1368   0.03785   0.03448
     2/299        0G    0.1334   0.06582   0.03732    0.2365       105       640   0.00469   0.00463 4.106e-05 4.566e-06    0.1325   0.04299   0.03356
     3/299        0G    0.1301    0.0732   0.03593    0.2392       110       640    0.5122   0.00463  9.24e-05 1.674e-05    0.1269   0.05048   0.03269
     4/299        0G    0.1261   0.06851   0.03463    0.2293        43       640  0.009481   0.00463 0.0002948 4.321e-05     0.121   0.05853   0.03185
     5/299        0G     0.123   0.07435   0.03429    0.2316        49       640  0.003936   0.01389 0.0002972 5.023e-05    0.1163   0.06404   0.03098
     6/299        0G      0.12   0.08729   0.03216    0.2395        68       640  0.007923   0.02315  0.001094  0.000149    0.1122   0.06709   0.02994
     7/299        0G     0.115   0.08549   0.03055    0.2311        42       640    0.0128    0.1705  0.004263  0.000821    0.1085   0.06804   0.02884
     8/299        0G    0.1127   0.08769   0.03056    0.2309        53       640    0.1022   0.05051   0.02204  0.003632    0.1049    0.0673   0.02784
     9/299        0G    0.1098   0.08606   0.02976    0.2256        89       640   0.09009    0.2626   0.07254   0.01306   0.09952    0.0662   0.02716
    10/299        0G    0.1028   0.07596   0.02835    0.2071        43       640    0.1499    0.2622    0.1173   0.02433   0.09837   0.06165   0.02659
    11/299        0G   0.09791    0.0775    0.0263    0.2017        56       640    0.1329    0.2121   0.09504   0.01613   0.08962   0.05982   0.02589
    12/299        0G   0.09389   0.07473   0.02554    0.1942        57       640   0.07821     0.282   0.07864   0.01485   0.08751   0.05564   0.02508
    13/299        0G   0.09395   0.07649   0.02448    0.1949        76       640   0.07404    0.4255   0.09576   0.01658   0.08787   0.05302   0.02378
    14/299        0G   0.08957   0.07053   0.02368    0.1838        87       640   0.09346    0.3056   0.09704   0.01852   0.08874   0.04938   0.02254
    15/299        0G    0.0846   0.06439   0.02116    0.1701        71       640    0.1304    0.3854    0.1655   0.03701   0.07884   0.04756   0.02144
    16/299        0G   0.07968   0.05672   0.02311    0.1595        73       640    0.8481    0.3927    0.4085    0.1184   0.07654   0.04675   0.02059
    17/299        0G   0.07917   0.06464   0.02183    0.1657        55       640    0.8465    0.3981    0.4125    0.1274    0.0715   0.05009    0.0201
    18/299        0G   0.07378     0.065   0.01947    0.1583       148       640    0.8407     0.416    0.4069    0.1109   0.07568   0.04897   0.01958
    19/299        0G   0.07369   0.05623   0.01855    0.1485        52       640    0.8648     0.437    0.4631     0.167   0.07097   0.04653   0.01915
    20/299        0G   0.07257   0.05441   0.01845    0.1454        30       640    0.8423    0.4444    0.4406    0.1374   0.06996   0.04649   0.01884
    21/299        0G   0.06964   0.06163   0.01946    0.1507        76       640    0.8699    0.3981    0.4346    0.1456   0.06302   0.04787   0.01863
    22/299        0G   0.06778    0.0556   0.01847    0.1419        66       640    0.8524    0.4754    0.4724    0.1602   0.06831   0.04462   0.01844
    23/299        0G   0.07035   0.05329   0.02001    0.1437        25       640    0.8892    0.4719    0.4786    0.1941   0.06063   0.04358   0.01841
    24/299        0G   0.06903   0.05539   0.01976    0.1442        43       640    0.8363    0.4769    0.4866    0.1976   0.06025   0.04416   0.01831
    25/299        0G   0.06802   0.05863   0.01823    0.1449        85       640    0.7445    0.4299     0.332   0.08742   0.06477   0.04589   0.01827
    26/299        0G   0.06811   0.05817   0.02116    0.1474        56       640    0.8396     0.463    0.4594    0.1479   0.05742   0.04422    0.0183
    27/299        0G   0.06306   0.05339   0.01815    0.1346        29       640    0.8485    0.4154    0.4659    0.1476   0.05647   0.04333   0.01824
    28/299        0G   0.06229   0.05527   0.01871    0.1363        43       640    0.8834    0.4444    0.4919    0.1355   0.06292   0.04184   0.01819
    29/299        0G   0.06686   0.05673   0.02012    0.1437        45       640    0.8439    0.4444    0.4765    0.1697     0.064   0.04139   0.01816
    30/299        0G    0.0668   0.05601   0.02006    0.1429        88       640    0.8491    0.3963    0.4438    0.1506    0.0641   0.04105   0.01818
    31/299        0G   0.06364    0.0533   0.02004     0.137        77       640    0.8194    0.4213    0.4055     0.139   0.05737   0.04118   0.01817
    32/299        0G   0.06546     0.055   0.01933    0.1398        49       640    0.2077      0.75    0.3221   0.09668   0.05726   0.04258    0.0183
    33/299        0G   0.07345    0.0518   0.01991    0.1452        94       640    0.6244    0.1528    0.1494   0.06393    0.1098   0.03698   0.01827
    34/299        0G    0.1034   0.05085   0.02044    0.1747        41       640    0.9151    0.4537    0.5425    0.2502   0.08124   0.03969   0.01863
    35/299        0G   0.09262   0.04997   0.01976    0.1624        57       640    0.8828    0.3177    0.4012    0.1405   0.09735   0.03374   0.01882
    36/299        0G   0.09014   0.04465   0.02001    0.1548        56       640    0.8324    0.3889    0.3907    0.1117   0.07573    0.0404   0.01881
    37/299        0G   0.08151   0.05014   0.01893    0.1506        77       640    0.2468    0.5589    0.3676    0.1286   0.07868   0.03903   0.01844
    38/299        0G   0.07643   0.04857   0.01958    0.1446        28       640    0.9158    0.4344    0.5364    0.2487   0.06015   0.04253   0.01818
    39/299        0G     0.074   0.05131   0.01829    0.1436        43       640    0.8451    0.3102    0.4277    0.1342   0.06298   0.04425   0.01813
    40/299        0G   0.07652   0.05009   0.01825    0.1449        37       640    0.8149    0.3241    0.4041    0.1627   0.07192   0.04007   0.01807
    41/299        0G   0.07619   0.05052   0.01895    0.1457        58       640    0.6833    0.4528    0.2746    0.1241   0.08409   0.03874   0.01805
    42/299        0G   0.07884   0.05106   0.02043    0.1503        77       640    0.8872    0.4769    0.5239    0.2368   0.05658   0.04151   0.01797
    43/299        0G   0.06516   0.05708   0.01776      0.14        46       640    0.8333    0.3935    0.4565    0.1534   0.05852    0.0413   0.01786
    44/299        0G   0.06702    0.0567    0.0199    0.1436        94       640    0.8972    0.4306    0.5023    0.2283   0.05414   0.03999   0.01782
    45/299        0G   0.06769   0.04821   0.02016    0.1361        51       640    0.8646    0.4611    0.4508    0.1958   0.06962   0.03902   0.01806
    46/299        0G   0.07614   0.04847   0.01826    0.1429        56       640    0.8661    0.4167    0.4907    0.2088   0.07355   0.03851   0.01796
    47/299        0G   0.07774    0.0553   0.01888    0.1519        89       640    0.7378    0.3233    0.2953   0.07407   0.08345   0.03814   0.01812
    48/299        0G   0.07574   0.04807   0.01932    0.1431        52       640    0.7959    0.4167    0.4409    0.1741   0.05697   0.04168   0.01827
    49/299        0G   0.06652   0.04689   0.01974    0.1331        53       640    0.1406    0.6271    0.1935   0.05868   0.07014   0.04109   0.01813
    50/299        0G   0.06994   0.05301   0.01825    0.1412        61       640    0.8367    0.2963    0.4021    0.1472    0.0682   0.03956   0.01802
    51/299        0G   0.06757   0.04688   0.01917    0.1336        54       640    0.8094    0.3606    0.4044    0.1686   0.06576   0.04006   0.01795
    52/299        0G   0.07242   0.05808   0.01809    0.1486        74       640     0.911    0.4074    0.5013    0.2547   0.06385   0.03885   0.01793
    53/299        0G   0.07201   0.04526   0.02009    0.1374        17       640    0.7375    0.4398    0.3798    0.1475   0.07034   0.03865   0.01815
    54/299        0G   0.06941   0.05402   0.01927    0.1427        47       640     0.819    0.3833    0.4408    0.2064   0.06238   0.04115    0.0182
    55/299        0G   0.06574   0.04896   0.01967    0.1344        77       640    0.8434    0.4491    0.4928    0.2043   0.06072   0.03959   0.01809
    56/299        0G   0.06158   0.05095   0.01882    0.1313        78       640     0.901    0.4722    0.5086    0.2435    0.0487   0.03923    0.0179
    57/299        0G   0.06173   0.04776    0.0167    0.1262        45       640    0.8879    0.4163    0.4832    0.1266   0.06429   0.03794   0.01789
    58/299        0G   0.06504   0.05173   0.01885    0.1356        65       640    0.8656    0.4167    0.4719    0.1773    0.0607   0.03866   0.01787
    59/299        0G    0.0603   0.04568   0.01742    0.1234        43       640    0.2146     0.696    0.3771    0.1233   0.05778   0.03972   0.01788
    60/299        0G   0.06046   0.05314   0.01848    0.1321        40       640    0.8893    0.4444    0.4985    0.2192   0.05188   0.03877   0.01785
    61/299        0G    0.0659   0.04491   0.01877    0.1296        48       640    0.8884     0.375    0.4189    0.1197   0.06396   0.03793   0.01795
    62/299        0G   0.05754   0.04799   0.02011    0.1256        53       640    0.3364    0.6772     0.522    0.2448   0.04588   0.03868   0.01782
    63/299        0G   0.05509   0.04816   0.02129    0.1245        73       640    0.9134    0.4861    0.5243      0.26   0.05793   0.03752   0.01775
    64/299        0G   0.06845   0.04721   0.01683    0.1325        51       640    0.9005    0.4491    0.5194    0.2496    0.0641   0.03882   0.01793
    65/299        0G   0.06817   0.05325   0.01966    0.1411        63       640    0.9233     0.412    0.5187    0.2413   0.05253   0.04209   0.01813
    66/299        0G   0.06344   0.05211   0.01909    0.1346        57       640     0.852    0.4213    0.4507    0.1385   0.05831    0.0389   0.01797
    67/299        0G   0.06556   0.04947   0.01755    0.1326        73       640    0.7071    0.4398    0.3195     0.089    0.0643   0.03843    0.0179
    68/299        0G   0.05954   0.04077   0.01637    0.1167        30       640    0.8847    0.4491    0.5012    0.2223   0.04944    0.0391   0.01783
    69/299        0G   0.06303   0.04615   0.01828    0.1275        49       640     0.276    0.6225    0.4486    0.1786   0.05141   0.03983   0.01789
    70/299        0G   0.05108   0.04708   0.01793    0.1161        33       640    0.3791    0.8771    0.5369    0.2592   0.04478   0.04008   0.01783
    71/299        0G   0.05359   0.05106   0.01988    0.1245        41       640     0.875    0.4444    0.4863    0.1162   0.05839   0.04095    0.0178
    72/299        0G   0.06426   0.05009   0.01996    0.1343        39       640    0.9054    0.4763    0.5386    0.2727   0.05013   0.03918   0.01791
    73/299        0G    0.0577   0.04505    0.0177    0.1204        40       640    0.9309    0.4621    0.5264    0.2071   0.05625   0.03834    0.0179
    74/299        0G   0.05925   0.04844   0.01711    0.1248        54       640    0.9214    0.4719    0.5319      0.23   0.05638   0.03898   0.01781
    75/299        0G   0.06202   0.05018   0.01827    0.1305        61       640     0.191     0.968    0.2675   0.07095   0.05664    0.0395   0.01788
    76/299        0G    0.0577   0.05036   0.01847    0.1265        62       640     0.912    0.4768    0.5337    0.2203   0.05142   0.03973   0.01789
    77/299        0G   0.06005   0.05974   0.01796    0.1377       121       640    0.2576    0.8039    0.4395    0.1558   0.05229   0.03955   0.01785
    78/299        0G   0.05121   0.04848   0.01834     0.118        31       640    0.4489    0.7154    0.5315    0.2719   0.04357   0.03896   0.01781
    79/299        0G   0.05595   0.05637   0.01861    0.1309        78       640    0.9152    0.4536    0.5278    0.2018   0.04906   0.03904   0.01786
    80/299        0G    0.0506   0.04783   0.01864    0.1171        52       640    0.3412    0.8089    0.5192    0.2396   0.04528   0.03987   0.01775
    81/299        0G   0.05754    0.0473   0.01832    0.1232        56       640    0.8393    0.3518    0.4429    0.1376   0.05597   0.03893   0.01778
    82/299        0G   0.05646   0.05467   0.01854    0.1297        66       640    0.9113    0.4769    0.5346    0.2341   0.05176   0.03877   0.01782
    83/299        0G   0.05484   0.04566   0.01832    0.1188        47       640     0.903    0.4619    0.5297    0.2002   0.04591   0.03862   0.01793
    84/299        0G   0.04898   0.04544   0.01821    0.1126        59       640    0.4291    0.9045    0.5426    0.2713    0.0414     0.038   0.01783
    85/299        0G    0.0504   0.04697    0.0194    0.1168        42       640    0.2642     0.609    0.4089    0.1275   0.05529   0.03915   0.01777
    86/299        0G   0.05708   0.05184   0.01918    0.1281        76       640    0.3133    0.6726    0.5087    0.2041   0.05242   0.03841   0.01782
    87/299        0G   0.05708    0.0436    0.0183     0.119        26       640    0.3434    0.7505    0.5349    0.2198   0.04849   0.03847   0.01787
    88/299        0G   0.04869   0.05196   0.01781    0.1185        48       640      0.45    0.8998    0.5695    0.2597   0.04366    0.0386    0.0177
    89/299        0G   0.05111   0.05238   0.01821    0.1217        80       640    0.9244    0.4676    0.5079    0.2173   0.05467   0.03854   0.01766
    90/299        0G   0.05648   0.04313   0.02059    0.1202        21       640    0.4655    0.7407    0.5733    0.2745   0.04139   0.03784   0.01771
    91/299        0G   0.05901   0.05913   0.01579    0.1339        56       640     0.411    0.7407    0.5515    0.2173   0.04929   0.03961   0.01779
    92/299        0G   0.05157   0.05366    0.0182    0.1234        66       640    0.4715    0.8089    0.5768    0.3036   0.04278   0.03938   0.01782
    93/299        0G   0.05415   0.04496   0.02009    0.1192        28       640    0.2496    0.8089    0.4954    0.2039   0.05437    0.0382   0.01776
    94/299        0G   0.05605   0.05111   0.01762    0.1248        90       640    0.4536    0.6456    0.5871    0.3087   0.04667   0.03811   0.01776
    95/299        0G   0.05212   0.04835   0.01768    0.1182        95       640     0.455    0.6271     0.556    0.2224   0.04656   0.03817   0.01779
    96/299        0G   0.04431   0.04725   0.01729    0.1088        75       640    0.5624    0.6452    0.5752    0.3047   0.04015   0.03895   0.01776
    97/299        0G   0.04977    0.0482   0.01945    0.1174        67       640    0.3269    0.9508    0.5516    0.2595   0.04451   0.03906   0.01773
    98/299        0G   0.04623    0.0493   0.02057    0.1161        56       640    0.4894    0.8316    0.5888    0.3105   0.04056   0.03876   0.01767
    99/299        0G   0.05276   0.04537   0.01859    0.1167        67       640    0.3022    0.7816    0.5439    0.1754   0.05171   0.03921   0.01767
   100/299        0G   0.04617   0.04515   0.01851    0.1098        78       640    0.4084    0.8316    0.5972    0.2962   0.04953   0.04044   0.01768
   101/299        0G   0.06871   0.04625   0.01806     0.133        45       640    0.7748    0.2731     0.314   0.08621   0.07704   0.04061   0.01779
   102/299        0G   0.08351   0.05112   0.01697    0.1516        89       640    0.8492     0.429    0.5371    0.1919   0.06166   0.04074   0.01813
   103/299        0G   0.05993    0.0542   0.01776    0.1319        81       640    0.5241    0.6953    0.6201    0.2894   0.04526   0.04403   0.01799
   104/299        0G   0.05581   0.04933   0.01984     0.125        61       640    0.2451    0.6907    0.4594    0.1936   0.05698   0.04012   0.01779
   105/299        0G   0.06203   0.05121   0.01788    0.1311        93       640    0.9047    0.4719    0.5194    0.1745   0.06149   0.04172   0.01776
   106/299        0G   0.06322   0.05312   0.01896    0.1353        81       640    0.3576    0.6498    0.5698     0.263   0.04742   0.03984   0.01775
   107/299        0G   0.05834   0.05383   0.01925    0.1314       101       640    0.9173    0.4676    0.5738    0.2518   0.06197   0.04002   0.01775
   108/299        0G   0.06832    0.0418   0.01692     0.127        38       640    0.7868     0.338    0.3936   0.08183   0.06532   0.03906   0.01776
   109/299        0G   0.06071   0.05619   0.01881    0.1357        80       640    0.9246    0.4769    0.5696    0.2549   0.04846   0.03992   0.01809
   110/299        0G   0.05099   0.04457   0.01761    0.1132        59       640    0.2426    0.7862     0.412    0.1245   0.04751   0.04103   0.01787
   111/299        0G   0.04795   0.04532   0.01802    0.1113        34       640     0.916    0.4814    0.5931    0.2512   0.04839    0.0387    0.0177
   112/299        0G   0.05128     0.047   0.01758    0.1159        32       640    0.3823    0.7407    0.5969    0.2243   0.04717   0.03847   0.01768
   113/299        0G   0.06212   0.05241   0.01888    0.1334        87       640    0.2184    0.8725    0.4072    0.1298   0.06213   0.04101    0.0176
   114/299        0G    0.0649   0.05526   0.01839    0.1386        93       640    0.3551    0.7152    0.5902    0.2081   0.05061   0.03977   0.01776
   115/299        0G   0.05298   0.05077   0.01785    0.1216        68       640    0.4774    0.7363    0.6058    0.2673   0.04276    0.0399   0.01777
   116/299        0G   0.05315    0.0431   0.01904    0.1153        37       640    0.2552     0.718    0.3849    0.1407   0.05504   0.03982   0.01776
   117/299        0G   0.06045   0.04507   0.01798    0.1235        47       640    0.9143    0.4722    0.6026    0.2617   0.05672   0.03872   0.01765
   118/299        0G   0.05536   0.04607   0.01805    0.1195        21       640    0.4578    0.7501    0.6131    0.2476   0.04528   0.03976   0.01764
   119/299        0G    0.0531   0.05042   0.01788    0.1214        44       640    0.3902    0.6895    0.5783    0.2754   0.05324    0.0434   0.01765
   120/299        0G   0.05484   0.04313   0.01982    0.1178        51       640    0.3763    0.7725     0.601    0.2604   0.05633   0.03978   0.01762
   121/299        0G   0.05617   0.04773   0.01864    0.1225        88       640    0.3307    0.7769    0.6113    0.3051   0.04637   0.03882   0.01762
   122/299        0G   0.05109   0.04746   0.01802    0.1166        53       640    0.2704    0.8771    0.4412    0.1516   0.04886   0.03909   0.01762
   123/299        0G   0.05199   0.04476   0.01834    0.1151        56       640      0.36    0.6953     0.607     0.264   0.05548   0.03964   0.01746
   124/299        0G   0.05455   0.04422   0.01786    0.1166        41       640    0.4605    0.7079    0.6392    0.2903   0.05069   0.03983   0.01753
   125/299        0G    0.0566   0.04911   0.01675    0.1225        49       640    0.3525    0.7407    0.5334    0.2462   0.05354   0.03951   0.01753
   126/299        0G   0.06388   0.04892   0.01788    0.1307        22       640    0.3612    0.6369    0.5732    0.2068   0.05254    0.0396   0.01758
   127/299        0G   0.05351   0.05441   0.01752    0.1254        69       640    0.5019    0.7627    0.6508    0.3231   0.04227   0.03876   0.01748
   128/299        0G   0.04725   0.05052   0.01827     0.116       105       640    0.4013    0.7407    0.5414    0.2524   0.04798   0.03894   0.01739
   129/299        0G   0.04902   0.05118   0.01734    0.1175        46       640    0.5032    0.7088    0.6873    0.3342   0.05152   0.03924   0.01737
   130/299        0G   0.05239   0.05072   0.01844    0.1215        58       640    0.5021    0.7624    0.6917    0.3139   0.04664   0.03793   0.01735
   131/299        0G   0.05256   0.05109   0.01794    0.1216        67       640    0.5191    0.7569    0.7091    0.3339   0.04757   0.03829    0.0173
   132/299        0G   0.05341   0.04662   0.01787    0.1179        73       640    0.3513    0.6498    0.4587    0.1852   0.05196   0.03847   0.01734
   133/299        0G   0.05485   0.04868   0.01684    0.1204        66       640    0.5809    0.7908     0.724     0.328    0.0425    0.0367   0.01723
   134/299        0G   0.04565   0.05329   0.01881    0.1178       119       640    0.4844     0.718    0.6812    0.3246   0.04305   0.03795   0.01719
   135/299        0G   0.04825   0.04671   0.01715    0.1121        72       640    0.3963    0.7407    0.6836    0.2765   0.04921   0.03795   0.01715
   136/299        0G    0.0482   0.04456   0.01721      0.11        40       640    0.7205    0.6907    0.7282    0.3535   0.04274   0.03793   0.01704
   137/299        0G   0.04949   0.04616   0.01796    0.1136        42       640    0.8454    0.6716    0.7481    0.2982   0.04707   0.03918   0.01694
   138/299        0G   0.05079   0.04271   0.01828    0.1118        57       640    0.7762     0.686    0.7394    0.3222   0.04776   0.03832   0.01687
   139/299        0G   0.04794   0.05635   0.01703    0.1213        77       640    0.8122    0.6894    0.7446    0.3621   0.04869   0.03905   0.01675
   140/299        0G    0.0522    0.0428    0.0182    0.1132        51       640    0.6022    0.7134    0.7067    0.3461   0.04919   0.03753   0.01713
   141/299        0G   0.05393   0.04729   0.01602    0.1172        61       640    0.6042    0.7588    0.7533    0.3661   0.04522   0.03852    0.0167
   142/299        0G   0.04751   0.04245   0.01692    0.1069        78       640    0.7314    0.7088    0.7349    0.3659   0.04514   0.03906   0.01686
   143/299        0G   0.05219     0.047   0.01732    0.1165        50       640    0.7373    0.7084    0.7319    0.2529   0.04961   0.03853   0.01672
   144/299        0G   0.05631   0.04925   0.01853    0.1241        62       640    0.6457    0.7588    0.7618    0.3249   0.04544   0.03808   0.01657
   145/299        0G   0.04535   0.05079   0.01688     0.113        71       640    0.7057    0.7809    0.7634    0.3886   0.04435   0.03967   0.01644
   146/299        0G   0.04749    0.0459   0.01736    0.1108        64       640    0.5986    0.7315    0.7171    0.3579   0.04634   0.03912   0.01633
   147/299        0G   0.04969   0.04625   0.01538    0.1113        53       640    0.6082    0.6814    0.6653    0.2545   0.04531   0.04012    0.0164
   148/299        0G   0.04882   0.04167   0.01574    0.1062        48       640     0.719    0.7496    0.7641    0.3726   0.04213   0.03937   0.01632
   149/299        0G   0.04431   0.04301   0.01519    0.1025        39       640    0.6086    0.7269    0.7124    0.3236   0.04545   0.03941   0.01634
   150/299        0G   0.05157   0.04544   0.01612    0.1131        32       640    0.6681    0.7769    0.7634    0.3488   0.05207   0.03927   0.01594
   151/299        0G   0.04948   0.04538   0.01578    0.1106        76       640    0.6867    0.7361    0.7373    0.3606   0.04182   0.03871   0.01636
   152/299        0G    0.0469   0.04558   0.01568    0.1082        47       640    0.7682    0.6907    0.7454    0.3448   0.04383   0.03935   0.01569
   153/299        0G   0.04571   0.04989   0.01595    0.1116        82       640    0.6626    0.6904      0.73     0.356   0.04381   0.03871   0.01545
   154/299        0G   0.04247   0.04907   0.01374    0.1053        69       640    0.6626    0.7816    0.7553     0.393   0.04081   0.03873   0.01533
   155/299        0G   0.04317   0.05148   0.01494    0.1096        70       640    0.6466    0.7073    0.6559    0.2211   0.04462   0.03872   0.01646
   156/299        0G   0.04682   0.04626   0.01372    0.1068        41       640    0.7072    0.7588    0.7683    0.3711   0.04279   0.03792   0.01501
   157/299        0G   0.04206   0.04163   0.01256   0.09625        36       640    0.6766    0.8039    0.7792    0.4244   0.04208   0.03862   0.01473
   158/299        0G   0.04571   0.04541   0.01353    0.1046        62       640    0.7216    0.6717    0.7393    0.3675   0.04556   0.03931   0.01559
   159/299        0G   0.04691   0.04907     0.014      0.11        49       640    0.6801    0.7343    0.7055    0.3466   0.04417   0.03913    0.0177
   160/299        0G   0.04688   0.05428   0.01328    0.1144       118       640    0.9191    0.6632      0.77    0.3903   0.03975   0.03764   0.01463
   161/299        0G   0.03929   0.04177   0.01352   0.09459        42       640    0.8896    0.6814    0.7774    0.3792   0.04128   0.03722   0.01432
   162/299        0G   0.04291   0.05102   0.01212    0.1061        85       640    0.8371    0.6799    0.7234    0.3295   0.04964   0.03852   0.01416
   163/299        0G   0.04667    0.0476   0.01273     0.107        54       640    0.8717    0.6795     0.766    0.4064   0.04208   0.03799   0.01435
   164/299        0G   0.04467   0.04836   0.01311    0.1061        81       640    0.6315    0.8725    0.7447    0.3005   0.04309   0.03741    0.0149
   165/299        0G   0.04566   0.05268   0.01265     0.111       105       640    0.6907    0.6581    0.6733    0.3183   0.04543   0.03742    0.0142
   166/299        0G   0.04199   0.04791   0.01212     0.102        54       640    0.6555    0.6952    0.6767    0.3485   0.03938   0.03703   0.01569
   167/299        0G   0.03987   0.04364    0.0129   0.09641        48       640    0.6596    0.7133    0.6788    0.3299   0.04301   0.03804   0.01448
   168/299        0G   0.03909   0.04428   0.01265   0.09603        70       640    0.7003    0.7353    0.6736    0.3483   0.04153   0.03831   0.01576
   169/299        0G   0.04539   0.04826   0.01269    0.1063        71       640    0.6799      0.63    0.6472    0.2982   0.05009   0.03943   0.01427
   170/299        0G   0.05038   0.04823   0.01089    0.1095        49       640    0.7063    0.6721    0.7158    0.3132   0.04182   0.03859   0.01442
   171/299        0G   0.04196    0.0427   0.01307   0.09774        49       640    0.6254     0.795    0.6827    0.3182   0.04307   0.03917   0.01412
   172/299        0G   0.03993   0.04006   0.01013   0.09012        60       640    0.6058    0.8451    0.7453    0.3258   0.04066   0.03905   0.01435
   173/299        0G    0.0427   0.04543   0.01177    0.0999        41       640    0.6553    0.7992    0.7311    0.3661   0.04631   0.03742   0.01458
   174/299        0G   0.05218   0.04866    0.0121    0.1129        46       640    0.5164    0.8763     0.668    0.2734   0.04731   0.03752   0.02688
   175/299        0G   0.04095   0.05233   0.01302    0.1063        78       640    0.6196    0.8451    0.7719    0.3999   0.04085   0.03773   0.01444
   176/299        0G   0.03818   0.04081   0.01472   0.09371        26       640    0.6373     0.803    0.7667    0.3837   0.04031   0.03771   0.01417
   177/299        0G   0.04334   0.03963   0.01179   0.09476        29       640    0.5003    0.6751    0.6344    0.2343    0.0516     0.039   0.01611
   178/299        0G   0.05313   0.05064   0.01151    0.1153        87       640    0.6496    0.6187    0.5997    0.2325   0.04657   0.03861   0.02046
   179/299        0G   0.04153    0.0463   0.01065   0.09848        81       640    0.6809    0.7377    0.7457    0.3384   0.04231   0.03869    0.0167
   180/299        0G   0.03931   0.04902   0.01083   0.09916        37       640    0.6804    0.8404    0.7776    0.3972   0.04174   0.03854   0.01477
   181/299        0G   0.04405   0.04574    0.0122     0.102        57       640    0.5714    0.8262    0.6346    0.2179   0.05186   0.03859    0.0165
   182/299        0G   0.05609   0.04817   0.01233    0.1166        37       640    0.6298    0.6254    0.6186    0.2222   0.04892   0.04019   0.01432
   183/299        0G   0.04388   0.04428   0.01066   0.09882        30       640    0.6742    0.6347    0.6357    0.2762   0.04585   0.04101   0.01436
   184/299        0G   0.03962   0.04886   0.01197    0.1004        44       640    0.6987    0.7858    0.7432    0.3848   0.04151   0.04006   0.01305
   185/299        0G   0.03975   0.04353   0.01106   0.09434        50       640    0.7594    0.7712    0.7859    0.3998   0.04472   0.03946   0.01345
   186/299        0G   0.04434   0.04881   0.01031    0.1035        82       640    0.7859    0.8068    0.8041    0.3428   0.04137   0.03949   0.01291
   187/299        0G   0.04111   0.04738   0.00948   0.09796        55       640    0.7684    0.7946     0.785    0.3759     0.042   0.03959   0.01323
   188/299        0G   0.03763    0.0451  0.008634   0.09136        50       640    0.8092    0.7171     0.786    0.3485   0.04205   0.03906   0.01333
   189/299        0G   0.04872   0.04698   0.01153    0.1072        81       640    0.7688    0.6475    0.7064    0.2796   0.05944   0.04186   0.01299
   190/299        0G   0.05644   0.04176   0.01061    0.1088        51       640    0.5734    0.8354    0.6466     0.276   0.04665   0.03999   0.02325
   191/299        0G   0.04233   0.04544   0.01029   0.09806        63       640      0.68    0.7475     0.696    0.2901    0.0417   0.03934   0.02046
   192/299        0G      0.04   0.04399  0.009291   0.09328        39       640    0.7731    0.8392    0.7896    0.4029   0.04176    0.0384    0.0129
   193/299        0G     0.048   0.04757   0.01065    0.1062        64       640    0.7534    0.8085    0.7566    0.2522   0.04916   0.03805   0.01252
   194/299        0G   0.05312   0.04778  0.009538    0.1104        91       640    0.7371    0.8312    0.7759    0.3276   0.04432   0.03713   0.01233
   195/299        0G   0.04166   0.04063   0.01046   0.09275        45       640     0.708    0.8523    0.7365    0.3491   0.04075   0.03705   0.01305
   196/299        0G   0.03861   0.04789  0.009674   0.09618        58       640    0.7982    0.7932    0.7764    0.3893   0.04112   0.03705   0.01261
   197/299        0G   0.04322    0.0497   0.01108     0.104        76       640    0.7667    0.7772    0.7645    0.3507   0.04459   0.03725   0.01204
   198/299        0G   0.04769   0.05032   0.01019    0.1082        75       640    0.8006    0.8131    0.8012    0.3546   0.04093    0.0373   0.01218
   199/299        0G   0.03962    0.0465  0.008621   0.09474       106       640    0.8028     0.763    0.8168    0.3805   0.04003    0.0376   0.01257
   200/299        0G   0.03708   0.04603   0.01056   0.09367        54       640    0.7772    0.8131    0.8178    0.4199   0.04039   0.03803   0.01197
   201/299        0G   0.04046   0.04634  0.007989    0.0948        49       640    0.7324    0.7811    0.7445    0.3041   0.04401   0.03877   0.01184
   202/299        0G    0.0432    0.0466  0.008792    0.0986        73       640    0.7946    0.8019    0.8116    0.3943   0.04006   0.03778   0.01228
   203/299        0G   0.03802   0.04418  0.008577   0.09078       117       640    0.8869    0.7172    0.8023    0.4122   0.03935   0.03804   0.01229
   204/299        0G   0.03682    0.0477  0.008248   0.09277        90       640    0.7957    0.7943    0.8102    0.4172   0.04093   0.03833   0.01221
   205/299        0G   0.04095   0.04255  0.009604   0.09311        50       640    0.6848    0.8078    0.7117    0.2904   0.04528   0.03951   0.01478
   206/299        0G    0.0463   0.04495   0.01153    0.1028        68       640    0.8834    0.7396    0.8178    0.3885   0.04113   0.03784   0.01217
   207/299        0G   0.03977   0.04599  0.009265   0.09503        42       640    0.8036    0.7389    0.7774    0.3367   0.04024   0.03813   0.01212
   208/299        0G   0.03819   0.04755  0.008302   0.09404        70       640      0.71    0.8947    0.8195    0.4147   0.04033   0.03855    0.0122
   209/299        0G   0.03893   0.04715  0.008818    0.0949        77       640    0.7054    0.8238    0.7373    0.3573   0.04243   0.03911   0.01587
   210/299        0G   0.04474   0.04751  0.007724   0.09997        78       640    0.6091    0.8767    0.7218    0.3254   0.04328   0.04015   0.01248
   211/299        0G   0.03932   0.04801  0.007044   0.09438        82       640     0.612    0.8359    0.7253    0.3375    0.0414   0.04058   0.01352
   212/299        0G   0.03735   0.04522  0.008007   0.09058        55       640    0.8013    0.7189    0.7642    0.3704   0.04111   0.04056   0.01404
   213/299        0G   0.03831    0.0492   0.00627   0.09378        44       640    0.7314    0.6919    0.7194    0.3021   0.04256   0.03918   0.01436
   214/299        0G   0.04437   0.04951  0.008605    0.1025        72       640    0.7077    0.7264    0.7395    0.2937   0.04387   0.03838   0.01201
   215/299        0G   0.03938   0.04414  0.007029   0.09055        47       640    0.8391    0.7903    0.8253    0.4025   0.04001   0.03728   0.01124
   216/299        0G   0.03589   0.04277   0.00771   0.08637        92       640    0.8253    0.8053    0.8351    0.4257   0.03929   0.03678    0.0113
   217/299        0G     0.039   0.04086    0.0094   0.08925        47       640    0.8896    0.7764    0.8438    0.4215   0.04177   0.03803   0.01066
   218/299        0G   0.03905   0.04629  0.008361    0.0937        50       640    0.7417     0.854    0.7974    0.3966   0.03968   0.03803   0.01145
   219/299        0G   0.03792   0.04385  0.008083   0.08986        64       640     0.874    0.7765    0.8209    0.4099   0.03872   0.03796   0.01046
   220/299        0G    0.0363   0.04104  0.005784   0.08312        99       640       0.9    0.7676    0.8396    0.4338   0.03919    0.0379   0.01135
   221/299        0G   0.03648   0.04267  0.008635   0.08779        59       640    0.9113    0.7904    0.8378    0.4195   0.04084   0.03801   0.01085
   222/299        0G    0.0393   0.04803  0.007349   0.09467        81       640     0.903    0.8084     0.837    0.4234   0.04007   0.03843   0.01037
   223/299        0G   0.03787   0.04911  0.008882   0.09586        75       640    0.8602    0.7904    0.8244    0.4181   0.03898   0.03803    0.0114
   224/299        0G   0.03732   0.04857  0.007414    0.0933       115       640    0.8426    0.7676    0.8249    0.4151   0.04211   0.03841   0.01235
   225/299        0G   0.04462   0.05261  0.007247    0.1045       137       640    0.8285    0.7904    0.7983    0.3134    0.0457   0.03935   0.01139
   226/299        0G   0.04673   0.04869   0.00771    0.1031        50       640    0.8569    0.8131      0.83    0.3927   0.04035   0.03788   0.01103
   227/299        0G   0.03703   0.04586  0.006408    0.0893        58       640    0.8919     0.758      0.82    0.4128   0.04087   0.03764   0.01147
   228/299        0G   0.03697   0.04295  0.007528   0.08745        29       640    0.7779     0.795    0.8067    0.4128   0.03906   0.03696   0.01232
   229/299        0G   0.03853   0.04676  0.006413    0.0917        75       640    0.7167    0.8218    0.8045    0.3994   0.04245   0.03758   0.01312
   230/299        0G   0.04075   0.04609  0.006259    0.0931        73       640    0.7322     0.827    0.7906    0.3763      0.04    0.0367    0.0129
   231/299        0G   0.03754   0.04653  0.005818   0.08989        49       640    0.7162    0.8543    0.7977    0.3964   0.03872    0.0364   0.01337
   232/299        0G   0.03535    0.0423  0.006486   0.08414        63       640     0.741    0.8357    0.7869    0.3948   0.03885   0.03698   0.01291
   233/299        0G   0.03656   0.04161  0.006375   0.08455        42       640    0.8118    0.8035    0.7776    0.3986   0.04125   0.03778     0.013
   234/299        0G   0.03914   0.04357  0.006846   0.08956        45       640    0.8067     0.775    0.7653     0.385   0.03933   0.03753   0.01493
   235/299        0G   0.03674   0.04122   0.00627   0.08423        74       640    0.8005    0.8127    0.7729    0.4043    0.0386   0.03799   0.01283
   236/299        0G   0.03838     0.051   0.00742    0.0968       128       640    0.7794    0.7765    0.7913    0.4195   0.03971   0.03844   0.01326
   237/299        0G   0.03878   0.04091  0.007321   0.08701        65       640    0.7692    0.7649    0.7352    0.3133     0.043   0.03907    0.0152
   238/299        0G   0.04282   0.04619  0.008064   0.09708        50       640    0.8139    0.8093    0.7919    0.4105   0.03984   0.03809    0.0125
   239/299        0G   0.03567   0.04412  0.005901   0.08569        89       640    0.8017    0.8173    0.7841    0.4221   0.03902   0.03792   0.01241
   240/299        0G   0.03426   0.04509   0.00522   0.08456        51       640    0.8295    0.7992    0.8078    0.4165   0.03907   0.03795   0.01198
   241/299        0G   0.03402    0.0416  0.004186    0.0798        61       640    0.7962    0.8081    0.8078     0.383   0.03874    0.0382   0.01216
   242/299        0G   0.03639   0.04148  0.006204   0.08407        32       640     0.817    0.7991    0.8012     0.392   0.04069   0.03892   0.01215
   243/299        0G   0.03704   0.04943  0.005898   0.09237        95       640    0.8562    0.7851    0.8155    0.4131   0.03881    0.0386   0.01261
   244/299        0G   0.03447   0.04433   0.00667   0.08546        85       640    0.8802    0.7441    0.8049    0.4226   0.03981   0.03923    0.0127
   245/299        0G   0.03664   0.04225   0.00552   0.08441        58       640    0.7837    0.7907     0.784    0.3853   0.04081   0.03929    0.0124
   246/299        0G   0.04348   0.04599  0.006928    0.0964        74       640     0.813    0.7963    0.7848    0.3936   0.04133   0.03952   0.01299
   247/299        0G   0.03662   0.04466  0.004801   0.08608        52       640    0.8391     0.753    0.7885    0.4147   0.03932   0.03873   0.01397
   248/299        0G   0.03493   0.04631  0.006526   0.08776        93       640    0.8182    0.7392    0.7798    0.4201   0.03877     0.038   0.01416
   249/299        0G   0.03318   0.04456  0.005902   0.08364        79       640    0.8131    0.7578    0.7754    0.4116   0.03851   0.03796   0.01392
   250/299        0G   0.03423     0.041   0.00546    0.0807        50       640    0.8276    0.7848    0.7841    0.4127   0.03904   0.03836   0.01285
   251/299        0G   0.03489    0.0415  0.005687   0.08208        47       640    0.8209    0.7988     0.795    0.4226   0.03889   0.03855   0.01257
   252/299        0G   0.03447    0.0433  0.005921   0.08369        60       640    0.8181    0.7896    0.7815     0.424   0.03977   0.03882   0.01299
   253/299        0G   0.03439   0.03949  0.006123   0.08001        55       640    0.8104    0.7669    0.7772    0.3995   0.03929   0.03894   0.01402
   254/299        0G   0.03844   0.03498  0.004493   0.07792        34       640    0.8357      0.79    0.7816    0.3951   0.04228   0.03932   0.01247
   255/299        0G    0.0359   0.05089  0.005348   0.09215       114       640    0.8328    0.7948    0.7764    0.4194   0.04002    0.0388   0.01257
   256/299        0G   0.03415   0.03915  0.005416   0.07871        73       640    0.8256    0.8141     0.772    0.3933   0.04197   0.03964   0.01268
   257/299        0G   0.03436   0.04337  0.005121   0.08285        31       640    0.7966    0.8081    0.7726    0.3892   0.04041   0.03965   0.01342
   258/299        0G   0.03878   0.05066   0.00443   0.09387        75       640    0.8401    0.7854    0.7728    0.4142   0.04042   0.03942   0.01266
   259/299        0G   0.03594   0.03897  0.005396    0.0803        62       640    0.8367    0.7885    0.7802    0.4268   0.03972   0.03939   0.01266
   260/299        0G   0.03257   0.04189  0.005161   0.07962        87       640    0.8084    0.8035    0.7664     0.418   0.03996   0.03929   0.01308
   261/299        0G   0.03532   0.04268  0.007446   0.08544        33       640    0.7968    0.8081    0.7684    0.4002   0.03908   0.03915   0.01304
   262/299        0G   0.03653   0.04856  0.004794   0.08988        86       640    0.8279    0.8127    0.7708    0.4096    0.0401   0.03936   0.01264
   263/299        0G   0.03541   0.04234  0.005243   0.08299        67       640    0.8466    0.8041    0.7774    0.4177   0.03895   0.03913   0.01296
   264/299        0G   0.03496   0.04772  0.004564   0.08724        97       640    0.8231    0.8173    0.7881    0.4189   0.03962   0.03938   0.01241
   265/299        0G    0.0342   0.04473  0.005967    0.0849        65       640    0.8465    0.8018    0.7776    0.3977    0.0394   0.03961   0.01256
   266/299        0G   0.03433   0.04162  0.005886   0.08184        57       640     0.834    0.7946    0.7993    0.4173   0.04002   0.03984   0.01264
   267/299        0G   0.03374    0.0374   0.00403   0.07517        68       640    0.8244    0.7946    0.7966    0.4122   0.03996    0.0399   0.01306
   268/299        0G   0.03483   0.04238   0.00445   0.08166        69       640    0.8217    0.7946    0.8103    0.4127   0.03976   0.03974   0.01307
   269/299        0G   0.03538   0.04556  0.005075   0.08601        54       640    0.7756    0.8312    0.7709    0.3863   0.03956   0.03957   0.01265
   270/299        0G   0.03815    0.0417  0.004793   0.08464        40       640    0.7807     0.854    0.8089    0.3993    0.0414   0.03961   0.01256
   271/299        0G   0.03521   0.04142  0.005308   0.08194        47       640    0.8474    0.8173    0.7934    0.4183   0.03917   0.03869   0.01255
   272/299        0G   0.03418   0.04551   0.00415   0.08383        52       640    0.8454    0.8173    0.7944    0.3887   0.04068   0.03852   0.01271
   273/299        0G   0.03688   0.04579  0.004391   0.08706        58       640    0.8237    0.7946    0.7692    0.3929   0.03862   0.03792   0.01269
   274/299        0G   0.03814   0.04714  0.008382   0.09366        44       640    0.8439    0.8173    0.7909    0.4004   0.04039   0.03848   0.01226
   275/299        0G    0.0345   0.03382  0.004192   0.07251        30       640    0.8493    0.8173    0.7948    0.4162    0.0393   0.03824   0.01243
   276/299        0G   0.03356   0.03639   0.00421   0.07416        43       640    0.8285    0.8475     0.813    0.4096   0.03989   0.03815   0.01216
   277/299        0G   0.03697   0.04556  0.005075   0.08761        93       640    0.8656    0.8167    0.8064     0.407   0.03841   0.03786   0.01206
   278/299        0G   0.03792   0.04634  0.004507   0.08876        48       640    0.8245    0.8477    0.8165    0.4169    0.0403   0.03804   0.01198
   279/299        0G   0.03551   0.04827  0.006334   0.09012        97       640    0.8269    0.8493    0.8212    0.4251   0.03938   0.03771   0.01203
   280/299        0G   0.03312   0.04724  0.004291   0.08466        88       640    0.8435     0.821    0.7995    0.4254   0.03938   0.03752    0.0121
   281/299        0G   0.03464   0.04135  0.006357   0.08234        45       640    0.8097    0.8265    0.7938    0.4014   0.03903   0.03741   0.01234
   282/299        0G   0.03476   0.04587  0.004805   0.08544        87       640    0.8067    0.8463    0.8083    0.4236   0.03935   0.03755   0.01251
   283/299        0G   0.03505   0.04849  0.005565    0.0891        63       640    0.8111    0.8493    0.8034    0.4257   0.03896   0.03753   0.01256
   284/299        0G   0.03299   0.04123  0.004678    0.0789        68       640    0.8188    0.8493    0.8059    0.4273   0.03889   0.03751   0.01252
   285/299        0G   0.03501   0.04461  0.003706   0.08332        69       640     0.818     0.854    0.8131    0.4275   0.03808   0.03733   0.01246
   286/299        0G   0.03492    0.0464  0.003505   0.08482        60       640    0.8235    0.8492    0.8086    0.4242   0.03893    0.0377   0.01227
   287/299        0G    0.0342   0.04207  0.005117   0.08139        72       640    0.8213    0.8447    0.8068    0.4233   0.03841   0.03764   0.01226
   288/299        0G   0.03344   0.03803  0.003511   0.07498        44       640    0.8213    0.8438    0.8169    0.4322    0.0379   0.03774   0.01213
   289/299        0G   0.03317   0.04343  0.004474   0.08108       104       640    0.8227    0.8398    0.8163    0.4307   0.03916   0.03807   0.01213
   290/299        0G   0.03414   0.04197  0.003554   0.07966        49       640    0.8199    0.8173    0.8112    0.4299   0.03834   0.03825   0.01223
   291/299        0G   0.03317    0.0399  0.003995   0.07707        67       640    0.8177    0.8173    0.8107    0.4277   0.03884   0.03856   0.01227
   292/299        0G   0.03298    0.0416  0.003955   0.07854        60       640    0.7885    0.8492    0.8126    0.4355   0.03839   0.03878   0.01224
   293/299        0G   0.03432   0.04454  0.005013   0.08388        74       640    0.8411    0.8037    0.8121    0.4257   0.03935   0.03833   0.01241
   294/299        0G   0.03356   0.03905  0.003528   0.07614        34       640    0.7959    0.8264    0.8036    0.4229   0.03835    0.0382   0.01274
   295/299        0G   0.03221    0.0453  0.004965   0.08248        95       640    0.7877    0.8358    0.7982    0.4211   0.03856   0.03785   0.01324
   296/299        0G   0.03244   0.04851  0.004401   0.08535        91       640    0.7925    0.8451    0.8001    0.4203   0.03925   0.03746   0.01329
   297/299        0G   0.03339   0.03967  0.004478   0.07754        41       640    0.8385    0.8171    0.8164    0.4269   0.03847   0.03755   0.01227
   298/299        0G   0.03465   0.04565  0.003777   0.08408       101       640    0.8616    0.8173    0.8163    0.4302   0.03856    0.0378   0.01228
   299/299        0G   0.03267   0.03517  0.003636   0.07148        48       640    0.8618    0.8219    0.8143    0.4239   0.03863   0.03819   0.01216
