1 0.403125 0.3265625 0.0625 0.04375
1 0.58125 0.31875 0.0578125 0.04375
1 0.65625 0.321875 0.0484375 0.05
1 0.5171875 0.4046875 0.0484375 0.0453125
1 0.571875 0.403125 0.0578125 0.05
1 0.5140625 0.484375 0.04375 0.053125
1 0.5703125 0.4828125 0.046875 0.0515625
1 0.6796875 0.4828125 0.05 0.0484375
1 0.4359375 0.5609375 0.05625 0.0421875
1 0.5890625 0.6234375 0.05 0.0515625
1 0.4390625 0.69375 0.053125 0.040625
1 0.496875 0.6921875 0.0515625 0.0390625
1 0.615625 0.6890625 0.05 0.0453125
0 0.5109375 0.7484375 0.059375 0.0453125
0 0.43125 0.4859375 0.0546875 0.04375