1 0.6 0.3140625 0.0578125 0.0484375
1 0.4296875 0.4046875 0.05625 0.046875
1 0.496875 0.4 0.0546875 0.04375
1 0.4109375 0.5578125 0.046875 0.05
1 0.6265625 0.3953125 0.059375 0.046875
1 0.5140625 0.5546875 0.046875 0.0375
1 0.3484375 0.746875 0.0515625 0.0359375
1 0.4078125 0.69375 0.0515625 0.0453125
1 0.5125 0.7453125 0.0578125 0.0328125
1 0.6171875 0.74375 0.0484375 0.0390625
1 0.459375 0.6890625 0.040625 0.0453125
1 0.5390625 0.625 0.04375 0.0421875
0 0.5125 0.4765625 0.059375 0.046875
0 0.590625 0.61875 0.04375 0.0515625