1 0.484375 0.3234375 0.0546875 0.05
1 0.565625 0.325 0.05625 0.0546875
1 0.6359375 0.3265625 0.0546875 0.0515625
1 0.7609375 0.3265625 0.053125 0.0484375
1 0.490625 0.4046875 0.06875 0.0453125
1 0.5734375 0.4078125 0.05625 0.053125
1 0.65625 0.4109375 0.05625 0.0515625
1 0.4078125 0.490625 0.0640625 0.0484375
1 0.578125 0.484375 0.0578125 0.0515625
0 0.65 0.4859375 0.046875 0.0578125
1 0.51875 0.5609375 0.05 0.0453125
1 0.56875 0.5609375 0.0578125 0.0453125
1 0.515625 0.6328125 0.04375 0.0453125
1 0.4421875 0.696875 0.0546875 0.0484375
1 0.565625 0.6296875 0.04375 0.0453125
1 0.6703125 0.6296875 0.0484375 0.0484375
1 0.5875 0.74375 0.053125 0.0453125
0 0.440625 0.6328125 0.05 0.0453125