1 0.5125 0.31875 0.04375 0.0484375
1 0.5734375 0.31875 0.0515625 0.0390625
1 0.6875 0.321875 0.04375 0.05
1 0.428125 0.403125 0.05625 0.0421875
1 0.5921875 0.4765625 0.0484375 0.046875
1 0.4359375 0.55625 0.053125 0.040625
1 0.49375 0.553125 0.046875 0.04375
0 0.615625 0.5484375 0.0515625 0.0515625
1 0.415625 0.690625 0.0390625 0.05
1 0.5171875 0.6890625 0.05 0.0328125
1 0.5375 0.7484375 0.0484375 0.0328125
0 0.428125 0.3234375 0.053125 0.053125
0 0.5125 0.625 0.053125 0.046875
0 0.590625 0.7421875 0.04375 0.05