1 0.4859375 0.3796875 0.0515625 0.0484375
1 0.565625 0.3796875 0.0609375 0.0578125
1 0.6359375 0.3828125 0.065625 0.053125
1 0.7546875 0.3828125 0.0546875 0.059375
1 0.4921875 0.459375 0.0578125 0.0453125
1 0.5734375 0.4640625 0.0625 0.0484375
1 0.653125 0.4625 0.05625 0.0546875
1 0.4125 0.5421875 0.0640625 0.046875
1 0.575 0.5359375 0.0609375 0.046875
1 0.6453125 0.534375 0.0546875 0.0484375
1 0.5171875 0.6109375 0.0546875 0.040625
1 0.56875 0.6109375 0.059375 0.0484375
1 0.5171875 0.6765625 0.0453125 0.046875
1 0.5671875 0.675 0.0453125 0.04375
1 0.665625 0.6703125 0.046875 0.04375
1 0.440625 0.7375 0.05 0.04375
0 0.4390625 0.6765625 0.053125 0.0453125
1 0.390625 0.3 0.059375 0.04375
1 0.5515625 0.2953125 0.0609375 0.0515625
1 0.7703125 0.303125 0.053125 0.05625
0 0.4953125 0.2953125 0.059375 0.046875