1 0.51875 0.2921875 0.0484375 0.0421875
1 0.5734375 0.2953125 0.0640625 0.05
0 0.509375 0.378125 0.046875 0.053125
1 0.571875 0.3765625 0.0453125 0.0515625
1 0.684375 0.3765625 0.0484375 0.05625
1 0.4328125 0.45625 0.059375 0.040625
0 0.4328125 0.3796875 0.053125 0.0484375
1 0.590625 0.5265625 0.053125 0.0484375
1 0.615625 0.6015625 0.0515625 0.040625
1 0.4953125 0.6015625 0.05 0.0453125
1 0.4359375 0.60625 0.0578125 0.0421875
1 0.415625 0.7328125 0.0453125 0.046875
1 0.5171875 0.728125 0.0484375 0.0390625
0 0.5109375 0.66875 0.0609375 0.046875