1 0.490625 0.2953125 0.06875 0.053125
1 0.5734375 0.2953125 0.059375 0.0546875
1 0.6625 0.29375 0.0609375 0.0515625
1 0.403125 0.3796875 0.0625 0.04375
1 0.5796875 0.378125 0.0578125 0.0484375
0 0.6546875 0.3796875 0.053125 0.0515625
1 0.51875 0.4578125 0.05 0.0453125
1 0.571875 0.4578125 0.0625 0.04375
1 0.5171875 0.5359375 0.04375 0.0453125
1 0.675 0.5359375 0.0453125 0.0453125
1 0.56875 0.534375 0.0484375 0.0453125
1 0.4375 0.609375 0.053125 0.0421875
1 0.5890625 0.6671875 0.0484375 0.0453125
1 0.440625 0.734375 0.053125 0.0421875
1 0.496875 0.734375 0.046875 0.0390625
1 0.6125 0.7265625 0.053125 0.0421875
0 0.4375 0.5375 0.0546875 0.053125