1 0.56875 0.3421875 0.0484375 0.0546875
1 0.54375 0.41875 0.0640625 0.0484375
1 0.765625 0.4234375 0.0484375 0.0625
1 0.659375 0.503125 0.0546875 0.0578125
1 0.571875 0.496875 0.0546875 0.0578125
1 0.5125 0.5015625 0.0453125 0.0546875
1 0.4921875 0.5765625 0.0421875 0.05
1 0.4375 0.5828125 0.0515625 0.0515625
1 0.496875 0.6484375 0.0515625 0.0484375
1 0.64375 0.64375 0.0515625 0.0515625
1 0.7203125 0.6390625 0.0375 0.0515625
1 0.440625 0.70625 0.053125 0.04375
1 0.5734375 0.709375 0.0484375 0.04375
1 0.640625 0.70625 0.046875 0.0453125
1 0.615625 0.7578125 0.0453125 0.034375