1 0.4796875 0.3296875 0.06875 0.0546875
1 0.4 0.4140625 0.0546875 0.046875
1 0.5484375 0.4078125 0.0515625 0.0515625
1 0.759375 0.409375 0.0546875 0.0484375
1 0.4890625 0.490625 0.05 0.0453125
1 0.5640625 0.4890625 0.0546875 0.0546875
1 0.6296875 0.4921875 0.0578125 0.0421875
1 0.7484375 0.4859375 0.053125 0.0484375
1 0.49375 0.565625 0.0546875 0.0453125
1 0.5703125 0.565625 0.0515625 0.046875
1 0.6515625 0.565625 0.0546875 0.04375
1 0.415625 0.6359375 0.05625 0.0421875
1 0.5734375 0.63125 0.0546875 0.0453125
1 0.64375 0.6328125 0.046875 0.0421875
1 0.51875 0.696875 0.046875 0.0421875
1 0.5671875 0.696875 0.05625 0.04375
1 0.5671875 0.7515625 0.04375 0.04375
0 0.5 0.409375 0.053125 0.0515625
0 0.44375 0.7546875 0.0453125 0.0421875
0 0.51875 0.7546875 0.0484375 0.0421875
0 0.6640625 0.7484375 0.05 0.0375