1 0.3984375 0.3578125 0.0578125 0.0453125
1 0.55 0.35 0.0609375 0.053125
1 0.7625 0.3546875 0.0515625 0.0546875
1 0.4890625 0.434375 0.053125 0.046875
1 0.5640625 0.4296875 0.059375 0.053125
1 0.6296875 0.434375 0.059375 0.046875
1 0.7515625 0.43125 0.05 0.0546875
1 0.49375 0.515625 0.05625 0.04375
1 0.5703125 0.5140625 0.0640625 0.0453125
1 0.65 0.5125 0.059375 0.0515625
1 0.4140625 0.590625 0.0640625 0.0453125
1 0.5734375 0.58125 0.053125 0.046875
1 0.6453125 0.584375 0.0484375 0.046875
1 0.5171875 0.653125 0.053125 0.040625
1 0.5703125 0.6546875 0.0578125 0.053125
0 0.515625 0.71875 0.040625 0.046875
1 0.5671875 0.7125 0.0421875 0.05
0 0.6625 0.70625 0.05 0.040625
0 0.440625 0.715625 0.0484375 0.0453125
0 0.49375 0.3515625 0.0609375 0.05