1 0.4921875 0.35 0.059375 0.0421875
1 0.575 0.35 0.0609375 0.0453125
1 0.6625 0.3515625 0.059375 0.05
1 0.409375 0.4359375 0.0703125 0.053125
1 0.578125 0.43125 0.05625 0.0484375
0 0.65 0.43125 0.0484375 0.05625
1 0.51875 0.5109375 0.0515625 0.0484375
1 0.5703125 0.5109375 0.05625 0.0453125
1 0.5140625 0.5859375 0.04375 0.05625
1 0.5671875 0.584375 0.04375 0.0546875
1 0.671875 0.58125 0.0515625 0.0453125
1 0.4390625 0.6546875 0.0546875 0.0421875
1 0.5859375 0.7078125 0.05 0.04375
0 0.4375 0.5859375 0.053125 0.0484375