1 0.428125 0.34375 0.0546875 0.04375
1 0.490625 0.340625 0.0515625 0.040625
1 0.6265625 0.3359375 0.053125 0.0484375
1 0.40625 0.5015625 0.0421875 0.0515625
1 0.515625 0.5015625 0.0578125 0.04375
0 0.509375 0.421875 0.0546875 0.0453125
1 0.5390625 0.5734375 0.0453125 0.04375
0 0.590625 0.571875 0.04375 0.053125
1 0.409375 0.646875 0.0421875 0.0375
1 0.459375 0.646875 0.046875 0.0359375
1 0.3453125 0.7078125 0.0453125 0.0421875
1 0.615625 0.70625 0.04375 0.0421875
0 0.5125 0.7078125 0.0515625 0.0421875
0 0.5484375 0.759375 0.053125 0.0328125