1 0.6328125 0.28125 0.0625 0.04375
1 0.43125 0.3625 0.05 0.0453125
1 0.515625 0.3609375 0.053125 0.040625
1 0.4828125 0.44375 0.0546875 0.0515625
1 0.4171875 0.5234375 0.05625 0.0453125
1 0.55 0.51875 0.05 0.053125
1 0.7484375 0.5109375 0.053125 0.0546875
1 0.74375 0.5875 0.0484375 0.0421875
1 0.625 0.5921875 0.0546875 0.0328125
1 0.5671875 0.590625 0.0453125 0.0390625
1 0.4953125 0.59375 0.0515625 0.0421875
1 0.496875 0.659375 0.053125 0.0375
1 0.5703125 0.6625 0.053125 0.034375
1 0.646875 0.65625 0.05625 0.040625
1 0.6421875 0.7140625 0.05 0.040625
1 0.4234375 0.71875 0.059375 0.0359375
1 0.575 0.7171875 0.0453125 0.0390625
0 0.5046875 0.51875 0.046875 0.05