1 0.484375 0.3875 0.0640625 0.0484375
1 0.403125 0.4671875 0.0578125 0.046875
1 0.55 0.4640625 0.0515625 0.046875
1 0.7515625 0.4609375 0.053125 0.0515625
0 0.5 0.4640625 0.05625 0.046875
1 0.4890625 0.5421875 0.053125 0.0421875
1 0.5625 0.5421875 0.053125 0.05
1 0.6265625 0.54375 0.0515625 0.046875
1 0.7421875 0.5375 0.05 0.0484375
1 0.4953125 0.6140625 0.05625 0.0421875
1 0.56875 0.6109375 0.05 0.04375
1 0.6484375 0.6109375 0.0546875 0.04375
1 0.4203125 0.68125 0.0578125 0.04375
1 0.571875 0.675 0.05625 0.0421875
1 0.640625 0.675 0.046875 0.04375
1 0.51875 0.7375 0.0484375 0.0421875
1 0.5671875 0.734375 0.05 0.04375
1 0.515625 0.3015625 0.0625 0.0484375
1 0.4296875 0.303125 0.0578125 0.0421875