1 0.5171875 0.3265625 0.059375 0.053125
1 0.7421875 0.3296875 0.0484375 0.05
1 0.5109375 0.4125 0.05625 0.04375
1 0.7125 0.4078125 0.0515625 0.053125
0 0.571875 0.33125 0.053125 0.0484375
0 0.5703125 0.4109375 0.0578125 0.053125
1 0.515625 0.5640625 0.059375 0.0484375
0 0.56875 0.5640625 0.046875 0.0515625
1 0.54375 0.63125 0.05625 0.04375
0 0.6484375 0.63125 0.05625 0.046875
1 0.49375 0.696875 0.0484375 0.046875
1 0.565625 0.6921875 0.0546875 0.053125
1 0.446875 0.753125 0.0484375 0.04375
1 0.6890625 0.7453125 0.05 0.034375