1 0.4828125 0.3625 0.05 0.04375
1 0.6890625 0.359375 0.053125 0.0609375
1 0.65625 0.4453125 0.0578125 0.053125
1 0.575 0.51875 0.05 0.05
1 0.646875 0.5171875 0.05625 0.05
1 0.5203125 0.5921875 0.059375 0.0453125
1 0.7203125 0.5890625 0.0515625 0.053125
1 0.6984375 0.653125 0.05625 0.04375
1 0.5140625 0.659375 0.053125 0.0484375
0 0.5359375 0.359375 0.0640625 0.0515625
0 0.453125 0.4421875 0.0515625 0.05
0 0.7078125 0.44375 0.053125 0.0515625
0 0.5671875 0.5921875 0.046875 0.0484375
0 0.5671875 0.659375 0.053125 0.0453125