1 0.434375 0.3953125 0.05 0.0453125
1 0.715625 0.3125 0.0453125 0.0421875
1 0.490625 0.30625 0.0609375 0.040625
0 0.6578125 0.3140625 0.05 0.04375
1 0.484375 0.55 0.0515625 0.0421875
1 0.703125 0.54375 0.0484375 0.040625
1 0.4984375 0.690625 0.04375 0.0484375
1 0.565625 0.6875 0.040625 0.0421875
1 0.61875 0.6828125 0.046875 0.04375
0 0.5421875 0.5453125 0.0484375 0.05
0 0.521875 0.6171875 0.05 0.0484375
0 0.446875 0.74375 0.04375 0.0375
0 0.51875 0.74375 0.0484375 0.0421875
0 0.646875 0.740625 0.0453125 0.0390625