1 0.5453125 0.31875 0.065625 0.05625
1 0.6640625 0.3265625 0.0609375 0.0546875
1 0.4875 0.4015625 0.046875 0.0453125
1 0.5703125 0.4015625 0.059375 0.053125
0 0.4390625 0.48125 0.059375 0.0421875
0 0.5875 0.5046875 0.05 0.0453125
1 0.7015625 0.484375 0.0625 0.0515625
1 0.4890625 0.55625 0.05625 0.04375
1 0.4859375 0.6296875 0.0546875 0.04375
1 0.5484375 0.6890625 0.0546875 0.0515625
1 0.6234375 0.6890625 0.059375 0.05
1 0.4953125 0.7484375 0.0484375 0.0421875
1 0.69375 0.7375 0.046875 0.040625
0 0.6421875 0.74375 0.053125 0.0390625