1 0.484375 0.4203125 0.05 0.046875
0 0.5359375 0.4171875 0.0578125 0.0484375
1 0.6859375 0.4140625 0.0515625 0.0578125
1 0.6546875 0.4921875 0.0546875 0.0515625
1 0.575 0.5671875 0.053125 0.046875
1 0.6484375 0.5671875 0.0546875 0.0484375
1 0.51875 0.640625 0.0578125 0.046875
0 0.459375 0.5 0.0625 0.0546875
0 0.703125 0.4953125 0.053125 0.0515625
0 0.56875 0.6390625 0.0515625 0.04375
1 0.7203125 0.634375 0.0484375 0.046875
1 0.5125 0.7 0.0578125 0.0484375
1 0.696875 0.69375 0.0625 0.0453125
0 0.5671875 0.703125 0.0546875 0.0421875