1 0.4921875 0.278125 0.05 0.04375
1 0.578125 0.2765625 0.0390625 0.0421875
1 0.628125 0.284375 0.046875 0.04375
1 0.4359375 0.359375 0.0640625 0.046875
1 0.5140625 0.440625 0.0640625 0.0546875
1 0.48125 0.51875 0.05625 0.0390625
1 0.653125 0.51875 0.0546875 0.04375
1 0.7 0.5875 0.0359375 0.040625
0 0.75 0.5875 0.04375 0.0421875
0 0.565625 0.521875 0.0515625 0.0421875
0 0.6390625 0.5875 0.0453125 0.040625
0 0.659375 0.359375 0.040625 0.0453125
0 0.51875 0.359375 0.0578125 0.0421875
1 0.54375 0.65625 0.0578125 0.0484375
1 0.6453125 0.6609375 0.046875 0.0546875
1 0.61875 0.71875 0.0390625 0.0375
1 0.546875 0.7203125 0.0640625 0.0390625
1 0.465625 0.7203125 0.0515625 0.0390625