1 0.546875 0.30625 0.0546875 0.053125
1 0.484375 0.4734375 0.05 0.04375
1 0.68125 0.4671875 0.053125 0.059375
1 0.6515625 0.54375 0.053125 0.059375
1 0.7015625 0.5484375 0.0453125 0.059375
0 0.459375 0.5484375 0.0546875 0.053125
0 0.534375 0.4703125 0.059375 0.0578125
1 0.575 0.615625 0.0515625 0.04375
1 0.6453125 0.6140625 0.0578125 0.0421875
1 0.51875 0.6796875 0.0484375 0.04375
1 0.715625 0.6734375 0.0453125 0.05
1 0.69375 0.73125 0.0546875 0.0421875
1 0.5140625 0.740625 0.0546875 0.040625
0 0.5671875 0.6796875 0.046875 0.0453125
0 0.565625 0.740625 0.0515625 0.040625