0 0.453125 0.334375 0.0625 0.0515625
1 0.6625 0.33125 0.05625 0.053125
0 0.7140625 0.3328125 0.0515625 0.053125
1 0.5765625 0.409375 0.0546875 0.0515625
1 0.653125 0.4125 0.059375 0.05
1 0.51875 0.490625 0.059375 0.0515625
1 0.728125 0.490625 0.0515625 0.053125
0 0.56875 0.4921875 0.0578125 0.05
1 0.5125 0.56875 0.05625 0.04375
0 0.5671875 0.56875 0.053125 0.0515625
1 0.7046875 0.5625 0.053125 0.0453125
1 0.515625 0.6984375 0.0578125 0.04375
0 0.5671875 0.6984375 0.0453125 0.05
0 0.6453125 0.7515625 0.0546875 0.0390625
1 0.5421875 0.75 0.0578125 0.0453125