1 0.5453125 0.3640625 0.05625 0.053125
0 0.6609375 0.2828125 0.059375 0.0578125
1 0.4859375 0.521875 0.05 0.0484375
1 0.678125 0.5203125 0.05 0.0609375
1 0.6484375 0.5921875 0.0515625 0.0515625
1 0.575 0.6578125 0.0515625 0.0484375
0 0.5359375 0.5234375 0.0578125 0.053125
0 0.4609375 0.5953125 0.05625 0.05
0 0.6984375 0.5921875 0.05 0.05625
1 0.64375 0.659375 0.053125 0.046875
1 0.51875 0.71875 0.0515625 0.046875
1 0.7125 0.7125 0.04375 0.0453125
0 0.5671875 0.7203125 0.0515625 0.046875
1 0.740625 0.2890625 0.0640625 0.059375