1 0.475 0.275 0.0484375 0.0421875
1 0.5453125 0.2796875 0.0515625 0.0390625
1 0.521875 0.3609375 0.05 0.0484375
1 0.56875 0.440625 0.0484375 0.046875
1 0.496875 0.45 0.0484375 0.05
1 0.4359375 0.5234375 0.0515625 0.046875
1 0.6265625 0.4453125 0.04375 0.046875
1 0.5125 0.59375 0.0453125 0.0546875
1 0.4828125 0.6625 0.0546875 0.0390625
1 0.6484375 0.6625 0.04375 0.0515625
1 0.64375 0.7296875 0.040625 0.0375
1 0.7390625 0.709375 0.034375 0.034375
0 0.515625 0.521875 0.0578125 0.05
0 0.65625 0.5203125 0.0453125 0.05625
0 0.5625 0.6609375 0.05625 0.04375
0 0.6921875 0.715625 0.0421875 0.0421875