1 0.5765625 0.3578125 0.05625 0.0609375
1 0.65625 0.35625 0.0609375 0.0546875
0 0.4515625 0.2796875 0.0578125 0.0546875
0 0.71875 0.278125 0.04375 0.053125
1 0.66875 0.2796875 0.053125 0.0484375
1 0.5203125 0.4359375 0.0578125 0.05
1 0.7328125 0.4375 0.05 0.046875
1 0.5125 0.5171875 0.0546875 0.0453125
1 0.70625 0.5109375 0.053125 0.046875
0 0.56875 0.4390625 0.0484375 0.0484375
0 0.56875 0.515625 0.0546875 0.0484375
0 0.56875 0.6546875 0.04375 0.046875
0 0.6484375 0.7140625 0.05625 0.0453125
1 0.515625 0.6546875 0.0546875 0.046875
1 0.54375 0.7140625 0.053125 0.0484375