1 0.653125 0.353125 0.05 0.059375
1 0.546875 0.35625 0.065625 0.0484375
1 0.459375 0.4359375 0.0484375 0.05
1 0.546875 0.4359375 0.0546875 0.0515625
1 0.628125 0.4359375 0.046875 0.05
1 0.51875 0.515625 0.0515625 0.0484375
1 0.5953125 0.5171875 0.0484375 0.05
1 0.4953125 0.5875 0.0546875 0.04375
1 0.621875 0.5859375 0.0546875 0.0484375
1 0.465625 0.6546875 0.0390625 0.046875
1 0.5953125 0.6546875 0.046875 0.040625
1 0.421875 0.71875 0.0453125 0.0421875
1 0.4671875 0.71875 0.034375 0.0390625
1 0.5625 0.7171875 0.0515625 0.040625
1 0.5140625 0.7640625 0.0453125 0.0203125
0 0.5421875 0.653125 0.0484375 0.04375