1 0.54375 0.3765625 0.06875 0.0546875
1 0.5125 0.2921875 0.065625 0.04375
0 0.571875 0.29375 0.053125 0.059375
0 0.659375 0.3828125 0.059375 0.0578125
1 0.490625 0.4546875 0.0578125 0.05625
1 0.56875 0.4515625 0.059375 0.05625
0 0.4421875 0.5359375 0.059375 0.046875
0 0.5890625 0.55625 0.0484375 0.053125
1 0.6953125 0.5296875 0.0578125 0.046875
1 0.4890625 0.60625 0.053125 0.0484375
1 0.490625 0.675 0.0671875 0.0421875
1 0.54375 0.7265625 0.046875 0.0453125
1 0.621875 0.721875 0.0515625 0.0484375