1 0.4828125 0.3015625 0.0515625 0.053125
1 0.690625 0.3015625 0.0515625 0.05625
1 0.659375 0.390625 0.0578125 0.0515625
0 0.709375 0.390625 0.0515625 0.0515625
0 0.4546875 0.3890625 0.0546875 0.053125
0 0.5359375 0.3046875 0.065625 0.0515625
1 0.5765625 0.465625 0.053125 0.0515625
1 0.6484375 0.4671875 0.0578125 0.0484375
1 0.5203125 0.540625 0.053125 0.0515625
1 0.725 0.5390625 0.0515625 0.0453125
1 0.5140625 0.615625 0.05625 0.0421875
1 0.7015625 0.6078125 0.0609375 0.0484375
0 0.56875 0.5421875 0.05625 0.04375
0 0.56875 0.615625 0.059375 0.0421875
0 0.5671875 0.7375 0.046875 0.0453125
1 0.515625 0.7359375 0.0609375 0.0453125