1 0.4796875 0.3 0.059375 0.04375
1 0.6640625 0.3015625 0.0609375 0.0375
1 0.6515625 0.3828125 0.040625 0.046875
1 0.7140625 0.3828125 0.046875 0.0453125
1 0.7578125 0.3859375 0.0453125 0.053125
1 0.65 0.4640625 0.046875 0.053125
1 0.54375 0.4625 0.0609375 0.0453125
1 0.459375 0.540625 0.046875 0.046875
1 0.5484375 0.5421875 0.0546875 0.0375
1 0.621875 0.540625 0.0453125 0.0390625
1 0.515625 0.615625 0.05 0.040625
1 0.5921875 0.609375 0.0515625 0.040625
1 0.4984375 0.678125 0.0484375 0.0390625
1 0.6234375 0.675 0.0546875 0.046875
1 0.596875 0.7375 0.05 0.0453125
1 0.475 0.7359375 0.05625 0.0484375
0 0.540625 0.7359375 0.0453125 0.046875
0 0.56875 0.303125 0.065625 0.0515625