1 0.5203125 0.3828125 0.059375 0.05
1 0.7375 0.3875 0.0578125 0.053125
0 0.56875 0.3859375 0.0546875 0.0453125
0 0.56875 0.4640625 0.05625 0.05
1 0.5140625 0.4625 0.05625 0.046875
1 0.7109375 0.4625 0.053125 0.04375
1 0.515625 0.6109375 0.0546875 0.0453125
0 0.56875 0.6109375 0.05 0.0453125
0 0.646875 0.6734375 0.053125 0.046875
1 0.540625 0.6734375 0.05 0.0421875
1 0.4921875 0.7328125 0.04375 0.046875
1 0.5671875 0.73125 0.0453125 0.0421875
1 0.58125 0.2984375 0.053125 0.0546875
1 0.659375 0.303125 0.0625 0.05625