0 0.6609375 0.3375 0.0625 0.0625
1 0.7359375 0.3421875 0.0609375 0.0578125
1 0.546875 0.4203125 0.05625 0.0609375
1 0.675 0.5640625 0.0578125 0.071875
0 0.465625 0.64375 0.053125 0.0578125
1 0.490625 0.571875 0.053125 0.0671875
0 0.5375 0.5734375 0.05625 0.0546875
1 0.646875 0.6390625 0.0578125 0.0453125
0 0.696875 0.6375 0.053125 0.0515625
1 0.575 0.6984375 0.0546875 0.0421875
1 0.640625 0.7 0.05625 0.046875
1 0.5203125 0.7546875 0.053125 0.0359375
1 0.715625 0.746875 0.046875 0.0375
0 0.565625 0.75625 0.04375 0.0375