1 0.490625 0.278125 0.059375 0.0359375
1 0.659375 0.2828125 0.0671875 0.040625
1 0.753125 0.2859375 0.0578125 0.05
1 0.4328125 0.3671875 0.0609375 0.040625
1 0.6578125 0.3609375 0.0578125 0.0453125
0 0.584375 0.3609375 0.0609375 0.0484375
1 0.625 0.4421875 0.0578125 0.053125
1 0.4359375 0.51875 0.05625 0.053125
1 0.5171875 0.5203125 0.059375 0.0453125
1 0.4890625 0.590625 0.0546875 0.04375
1 0.409375 0.6609375 0.05 0.0453125
0 0.5015625 0.659375 0.053125 0.034375
1 0.5546875 0.6578125 0.0515625 0.04375
1 0.740625 0.6515625 0.0453125 0.0453125
1 0.49375 0.7203125 0.05 0.040625
1 0.5640625 0.71875 0.059375 0.0421875
1 0.628125 0.71875 0.0546875 0.0359375
1 0.73125 0.7140625 0.0453125 0.0421875