     0/499        0G    0.1351   0.05855   0.03877    0.2324        48       640 0.0003545   0.00463 5.031e-06 1.006e-06    0.1381   0.03637   0.03481
     1/499        0G    0.1331   0.06083   0.03807    0.2321        49       640  0.006074   0.00463 5.028e-05 9.033e-06    0.1309   0.04494   0.03341
     2/499        0G    0.1273   0.07819   0.03551     0.241        63       640    0.0112   0.00463 0.0002374 3.105e-05    0.1211   0.05859   0.03219
     3/499        0G    0.1226   0.08703   0.03462    0.2442        61       640   0.02918   0.03662  0.002195 0.0002575    0.1139   0.06592   0.03076
     4/499        0G    0.1164   0.08596   0.03234    0.2347        59       640   0.01351    0.1246  0.004644 0.0008273    0.1077   0.06835   0.02915
     5/499        0G    0.1092   0.08047   0.03032      0.22        10       640   0.07229    0.2492   0.05715   0.01152   0.09904    0.0676   0.02765
     6/499        0G    0.1029   0.08723   0.02937    0.2195        38       640    0.0994    0.1987   0.08429   0.01451   0.09406   0.05949   0.02688
     7/499        0G   0.09537   0.07353   0.02735    0.1963        29       640   0.06247    0.4158   0.06886   0.01231   0.08633   0.05617   0.02524
     8/499        0G   0.08874   0.06811   0.02613     0.183        25       640   0.09311    0.3885    0.1165   0.02243   0.09136   0.04806   0.02281
     9/499        0G   0.08493   0.07193    0.0232    0.1801        85       640    0.6883    0.3981    0.2276   0.05398   0.07869   0.04897   0.02117
    10/499        0G   0.07771   0.06539   0.02332    0.1664        44       640    0.8671    0.3981     0.409    0.1148   0.07287   0.05059   0.02002
    11/499        0G   0.07306   0.06492   0.02167    0.1596        81       640    0.8938    0.4491    0.4662    0.1387    0.0652   0.04992   0.01919
    12/499        0G   0.07125   0.06117   0.02101    0.1534        55       640    0.8672    0.4306    0.4621    0.1495   0.07345   0.04661   0.01879
    13/499        0G   0.07382   0.05791   0.02112    0.1528        17       640    0.8093     0.428    0.4256    0.1229   0.07101   0.04624   0.01854
    14/499        0G   0.06805   0.06025   0.02125    0.1496        59       640    0.8148    0.3889    0.4089    0.1178   0.07163   0.04522   0.01846
    15/499        0G   0.07017   0.05911   0.02054    0.1498        27       640    0.8233    0.3559    0.3871    0.1037   0.06716   0.04364   0.01855
    16/499        0G    0.0633   0.05521   0.01957    0.1381        25       640    0.8437    0.4581    0.4484    0.1586   0.05311   0.04179    0.0184
    17/499        0G   0.06573   0.05892   0.02097    0.1456        52       640    0.8381    0.3796     0.424    0.1387   0.06388   0.04143    0.0185
    18/499        0G   0.06565   0.05365   0.02004    0.1393        34       640    0.8092    0.4213    0.4226    0.1372   0.06663   0.04069   0.01846
    19/499        0G   0.06238   0.05799   0.02004    0.1404        76       640    0.7074    0.4167    0.2947   0.07245   0.08192   0.04119   0.01839
    20/499        0G   0.06775   0.05597   0.02056    0.1443        76       640     0.222    0.8136    0.3686    0.1375    0.0686   0.04026   0.01857
    21/499        0G   0.07798   0.05453   0.02042    0.1529        35       640    0.1143    0.5724    0.2039   0.06198   0.09358   0.03807   0.01879
    22/499        0G   0.08553   0.05298   0.02069    0.1592        56       640    0.8894    0.3747    0.5131    0.2053   0.06888   0.04114   0.01862
    23/499        0G   0.07513   0.06104   0.02179     0.158        73       640    0.8458     0.457    0.4997    0.2045   0.05983   0.03962   0.01835
    24/499        0G   0.07675   0.05137    0.0211    0.1492        46       640    0.2635     0.577    0.3551    0.1418   0.07783   0.03846    0.0184
    25/499        0G   0.07275   0.05499   0.02061    0.1484        66       640    0.2354    0.5649    0.2702   0.08085   0.07959   0.03894    0.0184
    26/499        0G   0.07594    0.0506   0.02069    0.1472        24       640    0.1446    0.6044    0.2507   0.07419   0.07637   0.03909   0.01835
    27/499        0G   0.07396   0.05092   0.02135    0.1462         8       640    0.2213    0.5837    0.2577   0.08868    0.0706   0.04006   0.01824
    28/499        0G    0.0699   0.05082   0.02182    0.1425        17       640    0.1786    0.7908    0.3659     0.131   0.07968   0.03759   0.01851
    29/499        0G   0.07289   0.05053   0.02101    0.1444        52       640    0.8659    0.4295    0.5027    0.1543   0.06633   0.03851   0.01828
    30/499        0G   0.07045    0.0481   0.01987    0.1384        50       640    0.8168    0.4259    0.4618    0.1518   0.06604   0.03872   0.01818
    31/499        0G   0.06516   0.05135   0.02128    0.1378        40       640    0.8718    0.4491    0.4449    0.1597   0.05718    0.0391   0.01807
    32/499        0G   0.06128   0.04728   0.02096    0.1295        21       640    0.2174     0.609    0.3472   0.08615   0.05762   0.03996   0.01811
    33/499        0G   0.06603    0.0519   0.02045    0.1384        54       640     0.828    0.3981    0.4355    0.1808   0.05789    0.0386   0.01828
    34/499        0G   0.06658   0.05204   0.02062    0.1392        18       640    0.2098    0.6999    0.3791    0.1221   0.06571   0.03818   0.01827
    35/499        0G   0.06513   0.04905    0.0195    0.1337        17       640    0.7785    0.3704    0.3564    0.0949   0.06126   0.03812   0.01827
    36/499        0G   0.06179   0.05019   0.02125    0.1332        17       640     0.751    0.4444    0.3743    0.1581    0.0623   0.03797   0.01806
    37/499        0G   0.06197   0.05683   0.01939    0.1382        69       640    0.8855    0.2778    0.3907    0.1975   0.06365   0.04157   0.01804
    38/499        0G    0.0598   0.04849   0.02132    0.1296        20       640    0.9204    0.4444    0.5051    0.1929   0.06256   0.03923   0.01811
    39/499        0G   0.06416   0.05555   0.02185    0.1416        77       640     0.227    0.8136    0.2898   0.07175   0.06077   0.04029     0.018
    40/499        0G   0.06485   0.05163   0.02041    0.1369        25       640    0.8602    0.4537    0.4814    0.2176   0.06254   0.03706   0.01817
    41/499        0G   0.06008   0.05284   0.02142    0.1343        43       640    0.8937    0.3602    0.4813    0.1944   0.05545   0.03905   0.01824
    42/499        0G   0.05935   0.06066   0.02042    0.1404       115       640    0.9008    0.4583       0.5    0.1851   0.05211   0.03887   0.01824
    43/499        0G   0.05677   0.04868   0.01981    0.1253        36       640    0.2692    0.7681    0.4248    0.1513   0.05403   0.03854   0.01816
    44/499        0G   0.05748   0.05186   0.02013    0.1295        40       640    0.2782    0.8131    0.4266    0.1169   0.05977   0.04074   0.01799
    45/499        0G    0.0571   0.05118   0.01954    0.1278        27       640    0.2576    0.6999    0.3982    0.1633   0.05332   0.04001   0.01803
    46/499        0G   0.05761   0.05069   0.02008    0.1284        12       640    0.7482    0.3889    0.3396     0.128   0.06078   0.03832   0.01826
    47/499        0G   0.05516   0.05227    0.0197    0.1271        43       640    0.9148    0.4583    0.5418     0.268   0.05303    0.0372   0.01795
    48/499        0G   0.05866   0.05065   0.01967     0.129        41       640    0.9228    0.4583    0.5307    0.1838   0.05976   0.03756   0.01808
    49/499        0G   0.05882   0.05527   0.01998    0.1341        54       640    0.3357    0.8089    0.5433    0.2597   0.04691   0.03804   0.01812
    50/499        0G   0.05466   0.04788   0.02126    0.1238        23       640    0.8396    0.3824     0.463    0.1533   0.05218   0.03849     0.018
    51/499        0G   0.05102   0.05148   0.01955    0.1221        46       640     0.416    0.6271    0.5444      0.22    0.0484    0.0381    0.0179
    52/499        0G   0.05548   0.04593   0.02017    0.1216        39       640    0.3227    0.6999    0.4777    0.1884   0.05092   0.03824   0.01796
    53/499        0G   0.05685   0.04774   0.02073    0.1253        25       640    0.2374    0.8316    0.4517    0.1544   0.05027   0.03859     0.018
    54/499        0G   0.05105   0.05107   0.01892     0.121        50       640    0.3299    0.7862    0.5343     0.228   0.04912   0.03721   0.01785
    55/499        0G   0.05363   0.05117   0.01912    0.1239        48       640    0.3398    0.8316      0.56    0.2189   0.05044   0.03833   0.01794
    56/499        0G   0.05114   0.04733   0.01975    0.1182        20       640    0.4487    0.6999    0.5485    0.2495   0.04556   0.03806   0.01788
    57/499        0G   0.04882   0.04885   0.02096    0.1186        22       640    0.3573    0.8961    0.5404    0.1954   0.04707   0.03807   0.01802
    58/499        0G    0.0502   0.05491   0.01905    0.1242        59       640    0.4375    0.6999    0.5988    0.3039   0.04388   0.03639    0.0179
    59/499        0G   0.05046   0.05289    0.0199    0.1232        47       640    0.4152     0.737    0.5929    0.2636   0.04705   0.03746   0.01793
    60/499        0G   0.05296   0.05392   0.01903    0.1259        44       640    0.4698     0.737    0.6069    0.3013   0.04649   0.03717   0.01784
    61/499        0G   0.05233   0.04925   0.02022    0.1218        34       640    0.3908    0.6953    0.5785    0.2501   0.04847   0.03748   0.01797
    62/499        0G   0.04883   0.05018    0.0194    0.1184        37       640    0.6544     0.718     0.668    0.3183   0.04271   0.03707   0.01782
    63/499        0G    0.0513   0.05756   0.01992    0.1288        47       640    0.3311    0.9453    0.5553    0.2498   0.05374   0.04176   0.01788
    64/499        0G    0.0553   0.05507   0.02008    0.1304        36       640    0.5518    0.6969    0.6581    0.2296   0.04953   0.03918   0.01785
    65/499        0G   0.06123    0.0507    0.0198    0.1317        21       640     0.404    0.9634     0.579    0.2038   0.05415   0.03845   0.01792
    66/499        0G   0.06136   0.05225   0.01978    0.1334        49       640    0.4588    0.7454    0.6553    0.3122   0.04868   0.03806    0.0179
    67/499        0G   0.05446   0.05351    0.0205    0.1285        21       640    0.3116    0.9136    0.4834    0.1918   0.04614   0.03812   0.01787
    68/499        0G   0.05984   0.05104   0.02133    0.1322        24       640    0.3895    0.7146    0.5631    0.1089   0.05743    0.0407   0.01806
    69/499        0G   0.05864   0.05635    0.0202    0.1352        44       640    0.2656    0.6726    0.3284   0.08508   0.04972   0.03863   0.01802
    70/499        0G   0.05246   0.04761   0.01978    0.1198        27       640    0.4448    0.7681    0.5881    0.1852   0.05028   0.03906   0.01778
    71/499        0G   0.05878    0.0535   0.02022    0.1325        64       640     0.422    0.7118    0.5172    0.1588   0.05461   0.03808   0.01786
    72/499        0G   0.05563     0.054   0.01935     0.129        45       640    0.5546    0.7681    0.6958    0.3044   0.04907   0.03796   0.01779
    73/499        0G   0.05218   0.04553   0.01964    0.1174        37       640    0.5584    0.7433    0.6902     0.242   0.04659   0.03774   0.01779
    74/499        0G   0.05637   0.05372   0.02007    0.1302        59       640     0.393    0.7361    0.5182    0.1545   0.05685   0.03731   0.01788
    75/499        0G   0.05811   0.05116   0.01977     0.129        28       640    0.4289    0.7454    0.6283    0.2856   0.05063   0.03767   0.01784
    76/499        0G   0.05231   0.04707    0.0196     0.119        23       640    0.5779    0.6772    0.6139    0.3111   0.04508   0.03675   0.01776
    77/499        0G   0.05215   0.04878   0.01961    0.1205        21       640    0.4203    0.7226    0.6199    0.2428   0.05095    0.0373   0.01767
    78/499        0G   0.05257    0.0478   0.01978    0.1201        34       640    0.4592    0.7908    0.6558    0.3185   0.04827   0.03666    0.0177
    79/499        0G   0.04947   0.04374   0.01916    0.1124        12       640    0.5916    0.8355    0.7071    0.2938   0.04488   0.03678   0.01758
    80/499        0G   0.05129   0.04669   0.01952    0.1175        22       640    0.4957    0.7681    0.6649    0.2016   0.04803   0.03667   0.01754
    81/499        0G    0.0568   0.05178   0.02022    0.1288        39       640    0.6791    0.6545    0.6821    0.2357    0.0507   0.03726   0.01752
    82/499        0G   0.05285   0.04993   0.01975    0.1225        32       640    0.6029      0.79    0.7219    0.3369   0.04253   0.03705    0.0175
    83/499        0G   0.04809    0.0429   0.01984    0.1108        20       640     0.714    0.6545    0.7034    0.2305   0.05601   0.03748   0.01744
    84/499        0G   0.05459   0.04916   0.01942    0.1232        14       640    0.6277    0.7454    0.7188     0.347   0.04354   0.03702   0.01734
    85/499        0G   0.04794   0.05115   0.01945    0.1185        37       640    0.7843    0.6772    0.7333    0.3463   0.04061   0.03601   0.01712
    86/499        0G   0.05059   0.04789    0.0187    0.1172        26       640     0.443    0.7454    0.5754    0.2789   0.04357   0.03661   0.01736
    87/499        0G    0.0507   0.05014   0.01896    0.1198        40       640    0.6841    0.6769    0.7117    0.3581   0.04583   0.03681    0.0171
    88/499        0G   0.05134   0.05238   0.02086    0.1246        48       640    0.5729      0.79    0.7566     0.353   0.04623   0.03678     0.017
    89/499        0G   0.04949   0.04398   0.01897    0.1124        12       640    0.5889    0.7681    0.7272    0.3322   0.04316   0.03744   0.01693
    90/499        0G   0.04766    0.0516   0.01831    0.1176        66       640    0.7064    0.7614    0.7586    0.4033   0.04164   0.03693   0.01672
    91/499        0G   0.04328   0.04756   0.01985    0.1107        14       640    0.6569    0.8089    0.7471    0.2869   0.04307    0.0366   0.01655
    92/499        0G   0.05074   0.04595   0.01989    0.1166        25       640    0.5545    0.7635    0.6963    0.2883   0.04647   0.03656   0.01665
    93/499        0G   0.05309   0.05105   0.01873    0.1229        26       640    0.4583    0.7225    0.6245    0.2879   0.04532   0.03603   0.01641
    94/499        0G   0.04862   0.04854   0.01761    0.1148        34       640    0.6337    0.7908    0.7448    0.3189   0.04159   0.03615   0.01637
    95/499        0G   0.04831   0.04806   0.01832    0.1147        28       640    0.5437     0.785    0.6753    0.2807   0.04579   0.03798   0.01616
    96/499        0G   0.05297   0.04395   0.01865    0.1156        21       640    0.5631    0.8996    0.7095    0.3059   0.04301   0.03687   0.01945
    97/499        0G   0.04426   0.05011   0.01791    0.1123        59       640    0.4844    0.8136    0.6425    0.2573   0.04638   0.03738   0.01705
    98/499        0G   0.04611   0.04421   0.02008    0.1104         8       640    0.8165    0.6998    0.7135    0.3139   0.04075   0.03597   0.01662
    99/499        0G   0.04963   0.04835   0.01793    0.1159        34       640    0.7229    0.6907    0.7026    0.2301    0.0515   0.03787   0.01547
   100/499        0G   0.04583   0.04818   0.01731    0.1113        52       640    0.7566    0.7584    0.7385    0.3496   0.04075   0.03661   0.01585
   101/499        0G   0.04609   0.04847   0.01659    0.1112        76       640    0.7649    0.7269    0.7569    0.3452   0.04321   0.03677   0.01575
   102/499        0G   0.04637   0.04674   0.01695    0.1101        30       640     0.619    0.6679    0.6857     0.317    0.0496   0.03848   0.01453
   103/499        0G   0.04799   0.04717   0.01745    0.1126        53       640    0.6735    0.7098    0.7062    0.3345   0.04412   0.03671   0.01445
   104/499        0G   0.05252   0.04649   0.01484    0.1139        34       640    0.5425    0.5382    0.6142    0.2471    0.0566   0.03717   0.01424
   105/499        0G   0.06619   0.05014   0.01617    0.1325        64       640    0.7108    0.7171    0.6793    0.2912   0.05791   0.03552   0.01611
   106/499        0G   0.05841   0.05219   0.01706    0.1277        21       640     0.674    0.7127    0.6764    0.2805   0.04756   0.03698   0.01435
   107/499        0G   0.05709   0.04724   0.01693    0.1213        41       640    0.6088     0.603    0.6347    0.2886   0.05431   0.03678   0.01477
   108/499        0G   0.05767   0.05431   0.01795    0.1299        48       640    0.6501    0.6124    0.5768    0.2713   0.05242   0.03686   0.01697
   109/499        0G   0.05414    0.0529   0.01689    0.1239        52       640    0.3591    0.8758    0.4547    0.1761   0.05039   0.03772   0.01996
   110/499        0G   0.05401   0.04981   0.01607    0.1199        29       640    0.6882    0.7496    0.7335    0.2991   0.04872   0.03739   0.01367
   111/499        0G   0.05824   0.05013   0.01653    0.1249        19       640    0.4973    0.6351    0.5349     0.201   0.05393   0.03876   0.01386
   112/499        0G   0.05698   0.05383   0.01753    0.1283        17       640    0.3518    0.7306    0.4565    0.1217   0.05167   0.03848   0.02473
   113/499        0G   0.05321   0.05173   0.01678    0.1217        26       640    0.5935    0.5945    0.6202    0.2622   0.05122   0.03807   0.01393
   114/499        0G   0.05434   0.05126   0.01797    0.1236        27       640    0.7162    0.5909    0.6463    0.2391   0.05137    0.0362    0.0164
   115/499        0G   0.06212   0.04681   0.01813    0.1271        27       640    0.8922    0.4714    0.5665    0.2293   0.05448   0.03714   0.01653
   116/499        0G   0.05711   0.04848   0.01801    0.1236        45       640     0.571    0.5636    0.5622    0.2927   0.04737   0.03781   0.01604
   117/499        0G   0.05564   0.04825   0.01851    0.1224        49       640    0.9264    0.5589    0.5977      0.28   0.04971   0.03824   0.01501
   118/499        0G   0.05266   0.05771   0.01761     0.128        79       640     0.432    0.5951    0.5129     0.133   0.05162   0.03834   0.01418
   119/499        0G   0.05419   0.05428   0.01704    0.1255        51       640    0.4722    0.6818    0.5965     0.262    0.0481   0.03802    0.0142
   120/499        0G   0.05267   0.05352   0.01705    0.1232        23       640    0.5115    0.7156    0.5726    0.2428   0.04865   0.03783   0.01403
   121/499        0G   0.05363   0.05632   0.01612    0.1261        40       640    0.6197    0.6726    0.6677     0.254   0.04699   0.03736     0.014
   122/499        0G   0.04817   0.05158   0.01606    0.1158        26       640     0.599    0.7226    0.6353    0.2819   0.04564   0.03777   0.01361
   123/499        0G   0.05342   0.05592    0.0162    0.1255        81       640    0.7144    0.7088    0.6812    0.2509   0.04841   0.03802   0.01371
   124/499        0G   0.05292   0.04377   0.01467    0.1114        21       640    0.7556    0.7812    0.7361     0.231   0.05197   0.03729    0.0137
   125/499        0G   0.05209   0.04979   0.01559    0.1175        23       640    0.7122    0.7226    0.7155    0.3352   0.04613   0.03615   0.01348
   126/499        0G   0.05385    0.0496   0.01686    0.1203        35       640    0.7403    0.6725     0.704    0.3423   0.04639   0.03589   0.01327
   127/499        0G    0.0531   0.04615   0.01412    0.1134        15       640    0.8237    0.7314    0.7924    0.3987   0.04531   0.03586   0.01414
   128/499        0G   0.04928   0.04698    0.0144    0.1107        28       640    0.7253    0.7454    0.7342    0.3058   0.04519   0.03668   0.01265
   129/499        0G     0.053   0.05568   0.01689    0.1256        66       640    0.8664    0.7178    0.7721    0.3221   0.04491   0.03608   0.01284
   130/499        0G    0.0511   0.05042   0.01422    0.1157        41       640    0.6236    0.7226    0.6548    0.2866   0.04619   0.03573   0.01238
   131/499        0G   0.04962   0.04512   0.01664    0.1114        32       640    0.7443    0.8084    0.7661    0.3632   0.04359   0.03576   0.01197
   132/499        0G   0.04995   0.04906   0.01477    0.1138        25       640    0.8481     0.753    0.7801    0.3356   0.04878   0.03572   0.01175
   133/499        0G   0.05178   0.04851   0.01402    0.1143        30       640    0.9003    0.7882    0.8316    0.4029   0.04538   0.03653   0.01141
   134/499        0G    0.0494   0.05218   0.01419    0.1158        98       640    0.9048     0.786    0.8296    0.3902    0.0424   0.03534    0.0113
   135/499        0G   0.04682   0.04846   0.01302    0.1083        47       640    0.8294    0.8764    0.8372    0.4075   0.04359   0.03569   0.01198
   136/499        0G   0.04381   0.04611   0.01359    0.1035        47       640    0.8534    0.8451    0.8384    0.3934   0.04399   0.03552   0.01109
   137/499        0G    0.0453   0.05237   0.01381    0.1115        39       640    0.8114     0.827    0.8434    0.4104   0.04301   0.03665   0.01156
   138/499        0G   0.04451    0.0464   0.01437    0.1053        33       640    0.7668    0.8497    0.7916    0.2975   0.04657   0.03686   0.01107
   139/499        0G   0.04679   0.04477   0.01399    0.1056        20       640    0.9001    0.7889    0.8304    0.3865   0.04188   0.03609   0.01163
   140/499        0G   0.04553   0.05087   0.01391    0.1103        38       640    0.8045    0.8089    0.8069    0.3697   0.04284   0.03577   0.01217
   141/499        0G    0.0453   0.04736   0.01315    0.1058        64       640    0.8066    0.7455    0.7928    0.3786   0.04158   0.03527   0.01312
   142/499        0G   0.04501   0.04644   0.01199    0.1034        43       640    0.8338     0.827    0.8296    0.3256    0.0446   0.03616   0.01199
   143/499        0G   0.04757   0.04835    0.0119    0.1078        44       640    0.7777    0.8913    0.8395      0.41   0.04126   0.03634    0.0143
   144/499        0G   0.04535   0.04968   0.01085    0.1059        35       640    0.8341    0.8583    0.8532     0.351   0.04361     0.037   0.01141
   145/499        0G   0.04471   0.05352     0.012    0.1102        68       640    0.9017     0.877    0.8733    0.4265   0.04216   0.03532   0.01048
   146/499        0G   0.04448   0.04509    0.0123    0.1019        21       640    0.8739    0.7951    0.8276    0.3245   0.04121    0.0352   0.01067
   147/499        0G   0.04049   0.04271   0.01283   0.09603        46       640    0.9241    0.7634    0.8321    0.4182   0.04042   0.03542   0.01128
   148/499        0G   0.04179   0.04894   0.01291    0.1036        30       640    0.9084     0.827    0.8223    0.4143   0.04107   0.03641   0.01092
   149/499        0G   0.04102   0.04315   0.01193    0.0961        47       640    0.8554    0.7942    0.8392    0.4508   0.03968   0.03538   0.01209
   150/499        0G   0.03915   0.04563   0.01299   0.09778        47       640    0.8795    0.8039    0.8309     0.397    0.0401     0.037   0.01121
   151/499        0G   0.04058    0.0511   0.01172    0.1034        47       640    0.8803    0.7947    0.8154    0.4349   0.03895   0.03577   0.01155
   152/499        0G    0.0424    0.0474   0.01116     0.101        54       640    0.7166    0.7992     0.731    0.3541   0.04155   0.03597   0.01378
   153/499        0G   0.04261   0.04867   0.01125    0.1025        52       640    0.7781    0.7872    0.7417    0.3731   0.03931   0.03539    0.0113
   154/499        0G   0.04095   0.04356   0.01169    0.0962        19       640    0.9078    0.8135    0.8189     0.406   0.04072   0.03586   0.01082
   155/499        0G   0.04401   0.05153   0.01064    0.1062        36       640    0.7997    0.7918    0.7878    0.4357   0.04028   0.03495   0.01538
   156/499        0G   0.04322   0.04674    0.0112    0.1012        33       640    0.8614    0.8039    0.8147    0.3708   0.04029   0.03593   0.01171
   157/499        0G   0.04209   0.04673   0.01258    0.1014        33       640    0.8604    0.8044    0.8325    0.4334   0.04075   0.03579   0.01116
   158/499        0G   0.04199    0.0474   0.01065       0.1        39       640    0.8909    0.7685     0.833    0.4062   0.04079   0.03589   0.01152
   159/499        0G   0.04311   0.04119   0.01082   0.09512        21       640    0.8408    0.8084    0.8472    0.4257    0.0419   0.03731   0.01091
   160/499        0G   0.04251   0.04704   0.01055    0.1001        54       640    0.7956    0.8401    0.8283    0.3926   0.04029   0.03675     0.012
   161/499        0G   0.04399   0.04362   0.01001   0.09763        29       640    0.8258    0.7721    0.8088    0.3982    0.0405   0.03736   0.01495
   162/499        0G   0.04212   0.04365   0.01036   0.09613        30       640     0.841    0.7855     0.832    0.3666   0.04067   0.03709   0.01141
   163/499        0G   0.04409    0.0479   0.01064    0.1026        20       640    0.9087    0.8097     0.844    0.3818   0.04237   0.03754   0.01052
   164/499        0G   0.04034   0.04731   0.01059   0.09824        42       640    0.8287    0.8354    0.8384    0.4139   0.04048   0.03698   0.01164
   165/499        0G   0.04311   0.04239  0.009378   0.09488        16       640    0.8423    0.8052    0.8409    0.3681   0.04139   0.03703   0.01038
   166/499        0G   0.04351   0.04895   0.01142    0.1039        54       640    0.7526    0.8813    0.8137    0.3857    0.0397   0.03692   0.01043
   167/499        0G   0.04317    0.0478   0.01026    0.1012        20       640    0.8315    0.8693    0.8635    0.4526   0.03844   0.03672   0.01126
   168/499        0G   0.03883   0.04753   0.01075   0.09711        62       640    0.8711    0.8586    0.8535    0.4055   0.03943   0.03636   0.01042
   169/499        0G   0.04147   0.04737  0.009941   0.09878        43       640    0.8539    0.8539    0.8442    0.4189   0.04171    0.0371   0.01093
   170/499        0G   0.04008   0.04243  0.009315   0.09183        25       640    0.8406    0.8539    0.8179    0.3984    0.0391   0.03728   0.01202
   171/499        0G   0.03987   0.04429  0.009355   0.09351        52       640    0.8551    0.8539    0.8351    0.4266   0.03925   0.03751   0.01156
   172/499        0G   0.03879   0.04474  0.009204   0.09274        43       640    0.8315    0.8537     0.834    0.4226   0.03936   0.03738   0.01151
   173/499        0G   0.03938    0.0429  0.009725     0.092        31       640    0.8379    0.8586      0.83    0.4172   0.03921   0.03649   0.01161
   174/499        0G   0.03908   0.04262  0.008406    0.0901        30       640    0.8935    0.8405     0.837    0.4526   0.03822    0.0357   0.01104
   175/499        0G   0.04078   0.04416    0.0104   0.09534        17       640    0.8767    0.8581    0.8384    0.4476   0.04002   0.03602   0.01109
   176/499        0G   0.04206   0.04355  0.008223   0.09383        20       640    0.8787    0.7809    0.8366    0.4493   0.03956   0.03568   0.01235
   177/499        0G   0.04184   0.04544  0.009773   0.09705        52       640    0.8972    0.8635    0.8457    0.4539   0.03819   0.03537   0.01026
   178/499        0G   0.03765   0.04714  0.009752   0.09454        47       640     0.806    0.8678    0.8344    0.4437   0.03922   0.03574  0.009818
   179/499        0G   0.03704   0.04036  0.009829   0.08723        14       640    0.9006    0.8408    0.8629    0.4705   0.03906   0.03585   0.01012
   180/499        0G   0.03795   0.04793  0.009462   0.09534        35       640    0.8715     0.817    0.8525     0.421    0.0386   0.03573    0.0114
   181/499        0G    0.0375   0.04455   0.01052   0.09258        19       640    0.8973    0.8678    0.8665    0.4572   0.03896   0.03582  0.009805
   182/499        0G   0.03833   0.04618  0.009432   0.09394        51       640    0.8566    0.8678    0.8546    0.4396   0.03907   0.03563   0.01014
   183/499        0G     0.038   0.04377  0.007622    0.0894        44       640    0.8712    0.8249    0.8506    0.4645   0.03855   0.03654   0.01042
   184/499        0G   0.03858   0.04707  0.008357     0.094        77       640    0.8718    0.8301    0.8365     0.431   0.03903   0.03656   0.01051
   185/499        0G   0.03884   0.04313   0.01004   0.09201        21       640    0.8626    0.8315    0.8468    0.4538   0.03988   0.03699   0.01063
   186/499        0G   0.04099   0.04692  0.008349   0.09626        56       640    0.8398    0.8949    0.8677    0.4412   0.03941   0.03571   0.01018
   187/499        0G   0.04259    0.0405  0.008954   0.09205        23       640    0.8366    0.8951     0.872    0.4711   0.04047   0.03608  0.009884
   188/499        0G      0.04   0.04212  0.008368   0.09049         9       640    0.8603    0.8859    0.8766    0.4823   0.03811   0.03558  0.009641
   189/499        0G   0.03992   0.04647  0.008673   0.09507        39       640    0.8551    0.8558    0.8737    0.4648   0.04072   0.03554   0.01078
   190/499        0G   0.04052   0.04138  0.008038   0.08994        30       640    0.8883    0.8106    0.8859    0.4384   0.03987   0.03593   0.01046
   191/499        0G   0.03995   0.04744    0.0084    0.0958        43       640    0.8551    0.8575    0.8946    0.4718    0.0391   0.03654  0.009537
   192/499        0G    0.0381   0.04424  0.009461    0.0918        56       640    0.8812    0.8936     0.901    0.4342   0.04019   0.03608  0.009407
   193/499        0G   0.04056    0.0459  0.009005   0.09547        17       640      0.89    0.8763    0.8923    0.4731   0.03964   0.03549  0.008745
   194/499        0G   0.03962     0.043  0.008407   0.09102        19       640    0.8884    0.8813    0.8819    0.4589   0.03853   0.03526  0.008846
   195/499        0G   0.04037   0.04778  0.007789   0.09593        48       640    0.8681    0.8846    0.8849    0.4732   0.03882   0.03598   0.00937
   196/499        0G   0.03798   0.04335  0.007389   0.08871        30       640    0.8661    0.8764    0.8778    0.4438   0.03889   0.03676  0.009921
   197/499        0G   0.03981   0.04266  0.007145   0.08962        15       640    0.8634    0.9014    0.8639    0.4596   0.04059   0.03787   0.01014
   198/499        0G   0.03818   0.04834   0.00795   0.09447        36       640    0.8551     0.904    0.8479    0.4335    0.0382     0.036  0.009867
   199/499        0G   0.04001    0.0423  0.006093    0.0884        26       640    0.8789     0.904    0.8526    0.4664   0.03894   0.03549  0.009649
   200/499        0G   0.03963   0.04228  0.008117   0.09003        16       640    0.8554    0.8813    0.8519    0.4484   0.03954   0.03542  0.009543
   201/499        0G   0.03888   0.04032  0.008977   0.08818        23       640    0.8669    0.8766    0.8805    0.4568   0.03863   0.03658  0.009597
   202/499        0G   0.03541   0.04503  0.007975   0.08841        33       640    0.8895    0.8267    0.8779    0.4439   0.03869   0.03793   0.01026
   203/499        0G   0.03788   0.04307  0.007203   0.08815        23       640    0.8461    0.8649    0.8845     0.451   0.03857   0.03815   0.01009
   204/499        0G   0.03639   0.04587  0.008946    0.0912        25       640    0.9167    0.8081     0.878    0.4389   0.03881   0.03729   0.01015
   205/499        0G    0.0377    0.0444  0.007148   0.08925        35       640     0.826    0.8512    0.8592    0.4506   0.03879     0.037   0.01131
   206/499        0G   0.03627   0.04697  0.008064   0.09131        36       640    0.8096    0.8489    0.8497    0.4385   0.03965   0.03595   0.01267
   207/499        0G   0.03515   0.04726  0.007344   0.08975        43       640    0.8723    0.9049    0.8752      0.47   0.03817    0.0359  0.009322
   208/499        0G   0.03638   0.04326  0.008662    0.0883        56       640    0.9124    0.9085    0.8864    0.4521   0.03849   0.03597  0.008482
   209/499        0G   0.03777   0.04258  0.006835   0.08718        50       640    0.8957    0.8994    0.8893    0.4691   0.03872    0.0361   0.00883
   210/499        0G   0.03623   0.04825  0.006968   0.09145        53       640    0.9085    0.9133    0.8883    0.4318   0.03899   0.03596   0.00864
   211/499        0G   0.03662   0.04072  0.006995   0.08433        14       640    0.9121    0.8986    0.8929    0.4849   0.03883   0.03594  0.008785
   212/499        0G   0.03745   0.04322  0.006511   0.08718        54       640    0.8738    0.8902    0.8771    0.4835   0.03847   0.03638  0.009378
   213/499        0G   0.03634   0.04527  0.006721   0.08833        40       640    0.9126    0.8457    0.8824    0.4872   0.03845   0.03639  0.009247
   214/499        0G   0.03626   0.04182  0.006768   0.08485        40       640    0.8644    0.8674    0.8792    0.4537   0.03882     0.036  0.009277
   215/499        0G   0.03899   0.04186  0.007618   0.08846        46       640    0.8469    0.8994    0.8744    0.4611   0.03903   0.03601  0.009613
   216/499        0G   0.04265   0.04679  0.007131   0.09658        45       640    0.8544     0.904    0.8692    0.4405   0.04163   0.03725  0.008928
   217/499        0G   0.03934   0.04387  0.006633   0.08984        30       640    0.8718    0.8647    0.8726    0.4017   0.04007   0.03762  0.009063
   218/499        0G   0.04285   0.04401  0.007269   0.09413        14       640    0.8645    0.8628    0.8487    0.4526   0.03954   0.03785   0.00916
   219/499        0G   0.03879   0.04528  0.006563   0.09063        42       640     0.853    0.8582    0.8229    0.3556   0.04091   0.03819   0.01029
   220/499        0G   0.04095   0.04575  0.005758   0.09246        39       640    0.8636    0.8674    0.8547    0.4557   0.04094   0.03795  0.009126
   221/499        0G   0.03994   0.04184  0.007277   0.08906        32       640    0.8582    0.8548    0.8147    0.4154    0.0393   0.03728  0.009181
   222/499        0G   0.03971   0.04835  0.006506   0.09457        60       640    0.8787     0.854    0.8546     0.444    0.0399   0.03744  0.009582
   223/499        0G    0.0395    0.0444  0.006115   0.09001        38       640     0.856    0.8585    0.8493    0.4086   0.03912   0.03741   0.00977
   224/499        0G   0.03854   0.04363  0.006163   0.08833        52       640    0.8788    0.8493    0.8519    0.4387    0.0388   0.03765  0.009729
   225/499        0G   0.03587   0.04226  0.006828   0.08496        23       640    0.8657    0.8813    0.8716    0.4624   0.03828   0.03716  0.008855
   226/499        0G   0.03695   0.04347  0.005862   0.08629        40       640    0.9055    0.8813    0.8907    0.4832   0.03844   0.03602   0.00799
   227/499        0G    0.0366   0.04724  0.006053   0.08989        47       640     0.912    0.8674    0.9001    0.4697   0.03751    0.0357  0.007732
   228/499        0G   0.03704   0.04264  0.005491   0.08517        22       640    0.9131    0.9103    0.9081    0.4791   0.03845   0.03561  0.007617
   229/499        0G    0.0342   0.04012  0.006559   0.08087        31       640    0.9217    0.8859    0.9019     0.481   0.03749    0.0352  0.007779
   230/499        0G   0.03879   0.04577  0.007225   0.09179        36       640    0.9029    0.8906    0.8968    0.4577   0.04079   0.03633  0.008234
   231/499        0G   0.03906   0.04319  0.005325   0.08758        51       640    0.9304    0.8756    0.8979    0.4367    0.0385    0.0357  0.008115
   232/499        0G   0.03876   0.04273  0.006944   0.08844        16       640    0.9117    0.9023    0.8962    0.4882   0.03881   0.03619  0.008066
   233/499        0G   0.03607   0.04237  0.006394   0.08483        47       640    0.9076    0.9044    0.9053    0.4704   0.03845   0.03604  0.007929
   234/499        0G   0.03521   0.04161   0.00584   0.08265        18       640    0.8847    0.9074    0.8928    0.4802   0.03914   0.03608   0.00839
   235/499        0G   0.03525    0.0479   0.00683   0.08999        63       640    0.8893     0.902    0.8894    0.4349   0.03871    0.0364  0.008619
   236/499        0G   0.03717   0.04371   0.00631    0.0872        55       640     0.885     0.904    0.8947    0.4685   0.04004   0.03685  0.008733
   237/499        0G   0.03573   0.03708  0.005566   0.07837        15       640     0.908    0.9071    0.8902    0.4315   0.03887   0.03629  0.008351
   238/499        0G   0.03701   0.03875  0.006582   0.08234        14       640    0.8991    0.8859     0.892    0.4758   0.03922   0.03683  0.008728
   239/499        0G   0.03646   0.04136  0.006721   0.08454        21       640    0.8944    0.8678    0.8863    0.4612   0.03848   0.03646  0.008957
   240/499        0G   0.03621   0.03893  0.005476   0.08061        10       640    0.8931    0.8659    0.8968    0.4781   0.03924   0.03636  0.008913
   241/499        0G   0.03558    0.0443  0.005395   0.08528        34       640    0.9019    0.8645    0.8921    0.4533   0.03827   0.03633  0.008645
   242/499        0G    0.0378   0.04251  0.005754   0.08606        36       640    0.8866    0.9132    0.8886    0.4726    0.0396   0.03678  0.008531
   243/499        0G   0.03877   0.04361  0.005511   0.08788        56       640    0.8954    0.8905    0.8987    0.4683   0.03825   0.03629  0.008323
   244/499        0G   0.03827   0.04308  0.004661   0.08602        17       640    0.9044    0.9111     0.893     0.477   0.03855   0.03679  0.008337
   245/499        0G   0.03544   0.04207  0.004687    0.0822        31       640     0.908     0.895     0.895     0.448   0.03839   0.03725  0.008129
   246/499        0G   0.03774   0.04319   0.00551   0.08645        45       640    0.9085    0.9056    0.8934    0.4676    0.0389   0.03665   0.00811
   247/499        0G   0.03686   0.04535  0.005328   0.08754        24       640    0.9047    0.8859    0.8994    0.4742   0.03794   0.03579  0.008144
   248/499        0G   0.03696   0.04123  0.006346   0.08453         9       640    0.9096    0.8778    0.8988    0.4653   0.03831   0.03595  0.008282
   249/499        0G   0.03388   0.04357  0.006476   0.08392        23       640    0.9092     0.868    0.8996    0.4628   0.03785   0.03589  0.008335
   250/499        0G   0.03507     0.046  0.006518   0.08759        79       640    0.9008    0.8834    0.8954     0.466   0.03894   0.03646  0.008324
   251/499        0G   0.03498   0.04278  0.006409   0.08417        36       640    0.9055    0.8767    0.8774    0.4611   0.03803   0.03724  0.008387
   252/499        0G    0.0358   0.04361  0.004844   0.08425        46       640     0.909    0.8659    0.8775    0.4633   0.03913   0.03854   0.00848
   253/499        0G   0.03538   0.04497  0.005243   0.08559        64       640    0.9011    0.8481    0.8662    0.4609   0.03836   0.03831  0.008908
   254/499        0G   0.03524   0.03834  0.005428   0.07901        21       640    0.8882    0.8273     0.854    0.4481   0.03905   0.03843  0.009744
   255/499        0G   0.03504   0.03988  0.004876   0.07979        44       640    0.8927    0.8275    0.8413    0.4417   0.03803   0.03743  0.009956
   256/499        0G   0.03531   0.04438  0.005964   0.08565        29       640    0.8968    0.8265    0.8462    0.4614   0.03828   0.03667   0.00993
   257/499        0G   0.03371   0.04384  0.004834   0.08238        34       640    0.8931     0.833      0.84    0.4538   0.03803   0.03626   0.01028
   258/499        0G    0.0347   0.04691  0.005628   0.08724        57       640    0.8906    0.8405    0.8441    0.4506   0.03831   0.03655   0.01003
   259/499        0G   0.03296   0.04502  0.005818    0.0838        34       640    0.8976    0.8648    0.8572    0.4448   0.03831   0.03658  0.009537
   260/499        0G   0.03234   0.04107  0.004535   0.07794        46       640     0.897    0.8264    0.8556    0.4602   0.03826   0.03656  0.009703
   261/499        0G   0.03227   0.03866  0.004914   0.07585        18       640    0.8829    0.8447    0.8622    0.4207   0.03881   0.03677  0.009846
   262/499        0G   0.03657   0.04419  0.006782   0.08755        51       640    0.8424    0.8906    0.8648     0.465   0.04055   0.03699   0.00973
   263/499        0G   0.03571   0.03896  0.005017   0.07969        22       640    0.8419    0.9133    0.8726     0.474    0.0384   0.03632  0.009422
   264/499        0G     0.036    0.0425  0.004842   0.08334        39       640    0.8724    0.9028    0.8567     0.449   0.04126   0.03692  0.009559
   265/499        0G   0.03604   0.04379  0.004811   0.08464        22       640    0.8724    0.9019    0.8559     0.438   0.03886   0.03637  0.009706
   266/499        0G   0.03822    0.0426  0.004688    0.0855        23       640    0.8663     0.919    0.8572    0.4522   0.04003   0.03682  0.009498
   267/499        0G    0.0362   0.04492  0.005367   0.08649        63       640    0.8677    0.9005    0.8723    0.4423   0.03795   0.03652  0.009099
   268/499        0G   0.03431   0.04349  0.005227   0.08302        55       640    0.8683    0.9267    0.8779    0.4667   0.03792   0.03657  0.009044
   269/499        0G   0.03251   0.04209  0.005327   0.07992        21       640    0.8629     0.913    0.8885    0.4554   0.03814   0.03656  0.008767
   270/499        0G   0.03381   0.04423  0.005891   0.08393        48       640    0.8712    0.8859    0.8851    0.4624   0.03885   0.03743  0.008662
   271/499        0G   0.03454   0.04594  0.005151   0.08563        44       640    0.8742     0.895     0.885    0.4496   0.03839   0.03787  0.008752
   272/499        0G   0.03105   0.03723   0.00542    0.0737        44       640    0.8535    0.9131    0.8822    0.4666   0.03794    0.0379  0.008999
   273/499        0G   0.03352   0.04124  0.004833   0.07959        20       640      0.88    0.8746    0.8795     0.463   0.03891   0.03782  0.009518
   274/499        0G   0.03298   0.04259  0.005185   0.08076        43       640    0.8583    0.8813    0.8662    0.4336   0.03843   0.03777   0.01011
   275/499        0G   0.03513   0.04524  0.004862   0.08523        41       640     0.859    0.8777    0.8674    0.4484   0.03934   0.03733   0.01073
   276/499        0G   0.03502   0.03958  0.004356   0.07896        21       640    0.8616    0.8446     0.846    0.4323   0.03817   0.03649    0.0108
   277/499        0G   0.03501   0.03982  0.004307   0.07914        20       640    0.8765    0.8586    0.8524    0.4612   0.03837   0.03656      0.01
   278/499        0G   0.03501   0.04231  0.004239   0.08156        38       640    0.8721    0.8814    0.8554    0.4487   0.03869   0.03671    0.0101
   279/499        0G   0.03333   0.04081  0.004195   0.07834        32       640    0.8695    0.8859    0.8558    0.4515   0.03865   0.03704   0.01011
   280/499        0G   0.03331   0.04346  0.004939   0.08171        58       640    0.8816    0.8867    0.8577     0.445   0.03917   0.03711  0.009788
   281/499        0G   0.03327   0.04107  0.004567   0.07891        53       640    0.8655    0.8813     0.851    0.4575   0.03869   0.03738   0.01019
   282/499        0G   0.03475   0.03843  0.004404   0.07759        19       640    0.8655    0.8767    0.8471    0.3916   0.04007   0.03857   0.01031
   283/499        0G   0.03579   0.04481  0.004735   0.08534        35       640    0.8808     0.854    0.8475    0.4009   0.04044   0.03858   0.01021
   284/499        0G   0.03376   0.03983  0.005777   0.07937        42       640     0.869    0.8655    0.8511    0.4256   0.03909   0.03789   0.01022
   285/499        0G   0.03384   0.04321  0.005299   0.08235        38       640    0.8878    0.8859    0.8689    0.4446    0.0406   0.03796  0.009652
   286/499        0G   0.03336   0.03825  0.004315   0.07592        19       640    0.8895    0.8767    0.8659    0.4312   0.03898   0.03708  0.009731
   287/499        0G   0.03471   0.04649  0.005264   0.08647        35       640    0.8773    0.8813    0.8722    0.4567   0.03971   0.03702      0.01
   288/499        0G   0.03472   0.04308  0.004455   0.08225        22       640    0.8729    0.8625    0.8556    0.4268    0.0387    0.0368   0.01036
   289/499        0G   0.03543    0.0427  0.004986   0.08312        25       640     0.919    0.8261    0.8525    0.4301   0.03977   0.03687   0.01056
   290/499        0G   0.03402   0.04233  0.005347    0.0817        31       640    0.8548    0.8586    0.8553    0.4066    0.0396   0.03722   0.01043
   291/499        0G   0.03423    0.0476  0.004485   0.08631        73       640    0.8813    0.8586    0.8462    0.4307   0.04037   0.03852    0.0101
   292/499        0G   0.03308   0.03886  0.004038   0.07598        33       640    0.8809    0.8495    0.8528    0.4292   0.03944   0.03873  0.009935
   293/499        0G   0.03334   0.04317  0.004179   0.08069        57       640    0.8809    0.8495    0.8396    0.4225   0.04032   0.03915   0.01011
   294/499        0G   0.03261   0.04554   0.00466   0.08281        44       640    0.8804    0.8493    0.8474    0.4248   0.03932   0.03831   0.01013
   295/499        0G   0.03333   0.03918  0.004306   0.07682        25       640     0.883    0.8766    0.8768    0.4635   0.03916   0.03713  0.009921
   296/499        0G   0.03244   0.04192  0.004526   0.07889        42       640    0.8903    0.8839    0.8786    0.4516   0.03862   0.03653  0.009666
   297/499        0G   0.03426   0.03814  0.004424   0.07682        24       640    0.8722    0.8678    0.8598    0.4443   0.03974   0.03647   0.01045
   298/499        0G   0.03304   0.03688  0.004599   0.07452        10       640    0.8728    0.8405    0.8416    0.4242    0.0386   0.03681   0.01104
   299/499        0G   0.03407   0.04324  0.004644   0.08196        69       640    0.8683    0.8591    0.8346    0.4383     0.039   0.03795   0.01123
   300/499        0G   0.03316    0.0373  0.005579   0.07604        24       640    0.8147    0.8131    0.7798    0.4124   0.03836   0.03824   0.01167
   301/499        0G   0.03286   0.04004  0.004737   0.07764        37       640    0.8357    0.8359    0.8357    0.4175   0.03927   0.03798   0.01203
   302/499        0G   0.03173   0.03948  0.004153   0.07536        48       640    0.8671    0.8326    0.8474    0.4233   0.03825   0.03701    0.0118
   303/499        0G   0.03351   0.04252  0.003969      0.08        36       640    0.8687    0.8359    0.8547    0.4436   0.03868   0.03673   0.01144
   304/499        0G   0.03168   0.04152  0.003976   0.07717        30       640    0.8703    0.8359    0.8567    0.4326   0.03851   0.03672   0.01099
   305/499        0G   0.03157   0.04438  0.004514   0.08046        69       640    0.8888    0.8379    0.8721    0.4353   0.03854   0.03711   0.01069
   306/499        0G   0.03266   0.04548  0.004003   0.08215        58       640    0.8852    0.8427    0.8732     0.445   0.03826   0.03675    0.0105
   307/499        0G   0.02924   0.03727  0.004423   0.07093        18       640    0.8868    0.8678    0.8788    0.4478   0.03871   0.03696   0.01009
   308/499        0G   0.03053   0.03924  0.004694   0.07446        13       640    0.8587    0.9132    0.8779    0.4465   0.03898     0.037   0.00997
   309/499        0G   0.03179   0.03889  0.004575   0.07525        60       640    0.8575    0.9086    0.8756    0.4473   0.03879   0.03714   0.01003
   310/499        0G   0.03136   0.03649  0.003711   0.07156         9       640    0.8856    0.8798    0.8768    0.4556   0.03939   0.03774   0.01005
   311/499        0G   0.03222   0.04203   0.00446   0.07871        55       640    0.8623       0.9    0.8746    0.4524   0.03957   0.03798    0.0102
   312/499        0G   0.03139   0.04097  0.004125   0.07648        40       640    0.8809    0.8801    0.8728    0.4616   0.03976    0.0382   0.01026
   313/499        0G   0.03149   0.04258  0.004706   0.07878        39       640    0.8668    0.8972    0.8678    0.4425   0.04075   0.03869   0.01039
   314/499        0G   0.03105   0.04416  0.004171   0.07938         7       640    0.8817    0.8833    0.8639    0.4392   0.03985    0.0384   0.01038
   315/499        0G   0.02981   0.03644  0.003583   0.06984        12       640     0.877    0.8821    0.8623    0.4363   0.04028   0.03845   0.01046
   316/499        0G   0.03037   0.03987  0.003454    0.0737        30       640    0.8863    0.8721    0.8558    0.4206   0.04018   0.03882    0.0102
   317/499        0G   0.03343   0.04543  0.003447    0.0823        53       640     0.867     0.896    0.8557    0.4333   0.04125   0.03935   0.01046
   318/499        0G   0.03211   0.03697  0.003876   0.07295        44       640    0.8675     0.901    0.8624    0.4232   0.03989   0.03939  0.009992
   319/499        0G   0.03373   0.03943  0.004118   0.07727        44       640    0.8627    0.8988    0.8626     0.426   0.04045   0.03918  0.009879
   320/499        0G   0.03192   0.04151  0.003453   0.07689        33       640    0.8844    0.8813    0.8705    0.4306   0.03959    0.0386  0.009792
   321/499        0G   0.03327   0.03919  0.004694   0.07715        35       640    0.8172    0.9133    0.8677    0.4449    0.0394   0.03785    0.0103
   322/499        0G   0.03302   0.03716  0.004101   0.07428        31       640     0.823    0.8877    0.8693    0.4377   0.03923   0.03775   0.01059
   323/499        0G    0.0323   0.04099  0.005681   0.07897        43       640    0.8286    0.8586    0.8604    0.4438   0.03914   0.03787   0.01091
   324/499        0G   0.03055   0.03713  0.003945   0.07163        37       640    0.8764    0.8497    0.8501    0.4284   0.03928   0.03803   0.01051
   325/499        0G   0.03146   0.04299  0.004311   0.07876        48       640    0.8798    0.8329    0.8541    0.4391   0.04003   0.03929   0.01101
   326/499        0G   0.03128   0.04399  0.004246   0.07952        66       640    0.8564      0.84    0.8515    0.4316    0.0392   0.03908   0.01104
   327/499        0G   0.03283   0.03939  0.003436   0.07565        37       640    0.8574    0.8446    0.8605    0.4409   0.04013    0.0398   0.01082
   328/499        0G   0.03087   0.03846   0.00379   0.07311        33       640    0.8616    0.8319    0.8516    0.4342   0.03958   0.03975   0.01115
   329/499        0G    0.0313   0.04015  0.003795   0.07525        46       640    0.8432    0.8986    0.8656    0.4496   0.04028   0.03908   0.01045
   330/499        0G   0.03212   0.04113  0.003516   0.07677        35       640    0.8468     0.904    0.8703      0.44   0.03944   0.03843   0.01028
   331/499        0G   0.03445   0.04252  0.004349   0.08132        35       640    0.8356    0.9132     0.867    0.4402   0.04076   0.03888   0.01042
   332/499        0G   0.03218   0.04044  0.004002   0.07661        24       640    0.8766     0.904    0.8722    0.4166   0.03978   0.03848   0.01033
   333/499        0G   0.03426   0.04248  0.004549   0.08128        27       640    0.8762    0.8994    0.8866    0.4524   0.04002   0.03876   0.01003
   334/499        0G   0.03057   0.03475  0.003012   0.06834        13       640    0.8589    0.8764    0.8491    0.4411   0.03954   0.03921  0.009818
   335/499        0G   0.03181   0.04318  0.004158   0.07915        69       640    0.8415    0.8766     0.832    0.4343   0.04009   0.03962   0.01004
   336/499        0G   0.03117   0.03912  0.003927   0.07421        27       640    0.8545    0.8766    0.8256    0.4298   0.03998   0.03966   0.01018
   337/499        0G   0.03141   0.04102   0.00361   0.07604        56       640     0.876    0.8948    0.8777    0.4483   0.04023   0.03999   0.01023
   338/499        0G   0.03092    0.0403  0.004211   0.07543        46       640    0.8355    0.8948    0.8408    0.4263   0.04005   0.04003    0.0103
   339/499        0G   0.03115   0.04084   0.00474   0.07673        42       640    0.8318    0.8948    0.8406    0.4365   0.04032   0.04037   0.01046
   340/499        0G   0.03052   0.03798  0.003497   0.07199        23       640    0.8784    0.9098    0.8714    0.4325   0.04004   0.04038   0.01009
   341/499        0G   0.03044   0.04178  0.002863   0.07508        44       640    0.8619    0.9116    0.8652    0.4379   0.04083   0.04043  0.009996
   342/499        0G   0.03004   0.03699  0.003962   0.07099        20       640     0.876    0.8947    0.8648    0.4376   0.04013   0.04003   0.00997
   343/499        0G   0.03068   0.03887  0.003931   0.07349        29       640    0.8899    0.8948    0.8588    0.4403   0.04079   0.04031  0.009594
   344/499        0G   0.03047   0.04201  0.003151   0.07563        40       640     0.888    0.8948    0.8569    0.4333   0.04027   0.04037  0.009478
   345/499        0G   0.03032    0.0408  0.003994   0.07512        43       640     0.876     0.896     0.858    0.4402   0.04066   0.03944  0.009461
   346/499        0G   0.03154   0.04102  0.003864   0.07643        37       640    0.8659    0.8994    0.8538    0.4395   0.04018   0.03918  0.009549
   347/499        0G   0.02904   0.04058   0.00304   0.07266        51       640    0.8678    0.8775      0.87    0.4372   0.04065   0.03951  0.009778
   348/499        0G    0.0285   0.03799  0.003266   0.06976        34       640    0.8772    0.8493    0.8517    0.4297   0.04049   0.03971  0.009861
   349/499        0G   0.03077   0.03815  0.004475    0.0734         8       640    0.8806     0.848     0.848    0.4327   0.04081   0.03982  0.009773
   350/499        0G   0.02963   0.03836  0.003017   0.07101        26       640    0.8857    0.8539    0.8527    0.4285   0.04073   0.03961  0.009867
   351/499        0G   0.03019   0.03477  0.003573   0.06853        10       640    0.8572    0.8493    0.8417    0.4315   0.04024   0.03937   0.01045
   352/499        0G   0.03002   0.03671  0.004144   0.07087        15       640    0.8191    0.8585    0.8376    0.4302   0.04018   0.03932   0.01103
   353/499        0G   0.02967    0.0375  0.003966   0.07114        28       640    0.8528     0.829    0.8301    0.4252   0.04024   0.03938   0.01165
   354/499        0G   0.02952   0.03904  0.004666   0.07322        12       640    0.8525    0.8312    0.8266    0.4221   0.03995    0.0392   0.01165
   355/499        0G   0.03058   0.03834  0.004239   0.07316        24       640    0.8973    0.8287    0.8469    0.4314   0.04032   0.03938   0.01073
   356/499        0G   0.02859   0.03935    0.0031   0.07104        35       640    0.8671    0.8813    0.8548    0.4326   0.04004   0.03943   0.01047
   357/499        0G    0.0296   0.03867  0.003054   0.07132        20       640    0.8485     0.872    0.8446    0.4369   0.03949   0.03925   0.01119
   358/499        0G   0.02927   0.03903  0.003658   0.07196        43       640    0.8504    0.8674    0.8318    0.4182   0.03935   0.03899   0.01184
   359/499        0G   0.03112   0.04129   0.00304   0.07545        51       640    0.8413    0.8842    0.8538    0.4442   0.03971   0.03886   0.01174
   360/499        0G   0.03156   0.04058  0.003762    0.0759        42       640    0.8342    0.8971    0.8478    0.4359   0.03895   0.03867   0.01146
   361/499        0G    0.0326   0.04267  0.003414   0.07868        22       640    0.8651     0.872    0.8524    0.4414   0.03923   0.03863   0.01125
   362/499        0G   0.03097    0.0436  0.002983   0.07756        63       640    0.8543    0.8721    0.8535    0.4247   0.03916   0.03829   0.01135
   363/499        0G   0.03201   0.04331  0.003233   0.07856        20       640    0.8671     0.872    0.8624    0.4417   0.03913   0.03767   0.01093
   364/499        0G   0.02968   0.03771  0.004008   0.07139        29       640    0.8479    0.9087    0.8653    0.4381   0.03924   0.03742   0.01053
   365/499        0G   0.02971    0.0368  0.003016   0.06952        48       640    0.8636    0.9087    0.8631    0.4381   0.03973   0.03779   0.01019
   366/499        0G    0.0313    0.0416  0.003351   0.07626        42       640    0.8647    0.9081    0.8591    0.4338   0.04008   0.03823   0.01014
   367/499        0G   0.02968   0.03957  0.003089   0.07234        29       640    0.8801    0.8991    0.8581    0.4338   0.04013   0.03912   0.01008
   368/499        0G   0.02987   0.04445   0.00341   0.07773        47       640    0.8622     0.904    0.8584      0.43   0.03977   0.03977   0.01022
   369/499        0G   0.03017   0.04007   0.00312   0.07336        47       640    0.8641     0.904     0.857    0.4286   0.03993   0.03989   0.01066
   370/499        0G   0.02843   0.03693  0.003575   0.06894        31       640     0.859    0.8805    0.8516    0.4182   0.03951   0.03987   0.01088
   371/499        0G    0.0294   0.04061  0.003299   0.07331        51       640    0.9011    0.8476    0.8507    0.4249   0.03981   0.03997   0.01099
   372/499        0G   0.02867    0.0398   0.00287   0.07134        27       640    0.9013    0.8534    0.8481    0.4249   0.03971   0.03962   0.01098
   373/499        0G   0.02831   0.03868  0.002957   0.06995        54       640    0.8606    0.8681    0.8443      0.43   0.04034   0.03944   0.01122
   374/499        0G   0.02878   0.03504  0.003032   0.06685        19       640    0.8327    0.8742    0.8401    0.4218   0.03996   0.03924   0.01155
   375/499        0G   0.02679   0.03694  0.003422   0.06715        40       640    0.8266    0.8978    0.8437     0.422   0.03993   0.03906   0.01171
   376/499        0G   0.02815   0.03745   0.00319   0.06878        33       640    0.8325    0.8892    0.8597    0.4323   0.03967    0.0388   0.01151
   377/499        0G   0.02942   0.03679  0.003693   0.06991        25       640    0.8227    0.9005    0.8475    0.4196   0.03999   0.03914   0.01148
   378/499        0G    0.0278   0.03531  0.003021   0.06613        18       640    0.8451    0.8558    0.8435    0.4234   0.03997   0.03929    0.0116
   379/499        0G   0.02737   0.03858  0.003693   0.06964        84       640    0.8216    0.8858    0.8394    0.4131   0.03979   0.03939   0.01197
   380/499        0G   0.02958   0.03801  0.003225   0.07082        33       640    0.8129    0.9132    0.8391    0.4155   0.04072   0.03925   0.01224
   381/499        0G   0.03124   0.03973  0.003133    0.0741        44       640    0.8127    0.9081    0.8396    0.4071   0.03962   0.03892   0.01249
   382/499        0G   0.03377   0.03899  0.003061   0.07582        22       640    0.8155    0.9164    0.8414    0.4215   0.04077   0.03948   0.01206
   383/499        0G   0.03201   0.04444  0.003135   0.07959        40       640    0.8778     0.854    0.8491    0.4285   0.04009   0.03955   0.01124
   384/499        0G   0.03266   0.04317  0.003428   0.07926        44       640    0.8796     0.854    0.8469    0.4279   0.03989   0.03922   0.01114
   385/499        0G   0.02973   0.04216  0.003894   0.07579        51       640    0.8809     0.854    0.8476    0.4285   0.03927   0.03867   0.01086
   386/499        0G   0.03016   0.04434   0.00268   0.07718        72       640    0.8798    0.8772    0.8616    0.4409   0.03966   0.03832   0.01064
   387/499        0G   0.03032   0.03768   0.00329   0.07129        43       640    0.9009     0.846    0.8627    0.4389   0.03885   0.03803   0.01083
   388/499        0G   0.03109   0.04249  0.003423     0.077        54       640    0.8601    0.8493    0.8438    0.4215   0.03932    0.0386   0.01148
   389/499        0G   0.03074    0.0416  0.002652     0.075        34       640    0.8577    0.8493    0.8352    0.4158    0.0392   0.03914   0.01178
   390/499        0G   0.02837   0.03638  0.002887   0.06764        16       640    0.8585    0.8493    0.8385    0.4283   0.03925   0.03916   0.01158
   391/499        0G   0.02894   0.04062  0.003312   0.07287        45       640    0.8807    0.8439    0.8441    0.4321   0.03917   0.03914   0.01091
   392/499        0G   0.02848   0.03593  0.003062   0.06748        56       640     0.859    0.9048    0.8483     0.437   0.03955   0.03902    0.0107
   393/499        0G   0.02824   0.03686  0.002758   0.06785        27       640    0.8632    0.9011     0.852    0.4232   0.03938   0.03868   0.01072
   394/499        0G   0.02993   0.04196  0.003106   0.07499        48       640    0.8396    0.9087    0.8457    0.4376   0.03987   0.03893   0.01071
   395/499        0G   0.02984   0.04319  0.003918   0.07695        55       640    0.8825    0.8721    0.8496    0.4222   0.03957   0.03911   0.01071
   396/499        0G   0.02935   0.03657  0.003201   0.06912        14       640    0.8831    0.8674    0.8514    0.4372   0.03986   0.03941   0.01097
   397/499        0G   0.02867   0.03978  0.003412   0.07187        30       640    0.8368    0.8993    0.8417     0.434   0.03961   0.03931    0.0119
   398/499        0G   0.02923   0.03737  0.002769   0.06936        15       640    0.8392    0.8447    0.8098    0.4251   0.03995   0.03942   0.01251
   399/499        0G   0.02813   0.03895   0.00268   0.06975        29       640    0.8496    0.8419     0.804    0.4158    0.0401   0.03989    0.0124
   400/499        0G   0.02775   0.03528  0.002738   0.06577        19       640    0.7808    0.8813    0.7921    0.4095   0.04016   0.04056   0.01246
   401/499        0G   0.02817    0.0351  0.002864   0.06613        31       640    0.7753    0.8859    0.7914    0.4015   0.03997   0.04038    0.0125
   402/499        0G   0.02831    0.0323  0.003122   0.06373        30       640    0.7934    0.8266    0.7826    0.4084   0.04004   0.04025   0.01246
   403/499        0G   0.02749   0.03439   0.00431   0.06619        11       640    0.8495    0.7946    0.7873    0.4108   0.03964   0.03917   0.01247
   404/499        0G   0.02784    0.0372  0.003255   0.06829        67       640    0.8373    0.8173    0.7841    0.4138   0.03973   0.03869   0.01283
   405/499        0G   0.02802   0.03908  0.003519   0.07061        27       640    0.8337    0.8219    0.7857    0.4159    0.0399   0.03882   0.01281
   406/499        0G   0.02819   0.03841  0.004817   0.07142        16       640    0.8713    0.8494    0.8168    0.4146   0.03983   0.03872   0.01228
   407/499        0G   0.02823   0.03871  0.002905   0.06984        25       640    0.8771    0.8586    0.8131    0.4122   0.03965   0.03872   0.01202
   408/499        0G   0.02826   0.03619  0.003764   0.06822        29       640    0.8764    0.8586    0.8237    0.4105   0.04005   0.03916   0.01217
   409/499        0G   0.02792   0.03864  0.002664   0.06922        28       640    0.8667    0.8539    0.8223    0.4046   0.04049    0.0401   0.01242
   410/499        0G   0.02689   0.03739  0.002842   0.06713        64       640    0.8583    0.8529    0.8091    0.3984   0.04026    0.0401   0.01279
   411/499        0G   0.02911   0.03936  0.003326    0.0718        38       640    0.8554     0.854    0.8294    0.4033   0.04052   0.04015    0.0128
   412/499        0G   0.02694   0.03641  0.003662   0.06701        30       640    0.8261    0.8523    0.8135    0.4108   0.04021   0.04025   0.01305
   413/499        0G   0.02866   0.03799   0.00272   0.06937        36       640    0.8668    0.8196    0.8268    0.4128   0.04083   0.04017   0.01305
   414/499        0G   0.02811   0.03791  0.003212   0.06923        31       640    0.8759    0.8234     0.813     0.417   0.03996   0.03991   0.01298
   415/499        0G   0.02921   0.03511  0.002487    0.0668        14       640    0.8511    0.8632    0.8221    0.4239   0.04015    0.0398    0.0129
   416/499        0G   0.02971   0.03715  0.003094   0.06996        27       640    0.8812    0.8555    0.8229    0.4274   0.03905   0.03952   0.01282
   417/499        0G   0.03013   0.03663  0.002971   0.06974        49       640    0.8809    0.8479    0.8204    0.4334   0.03939   0.03979    0.0128
   418/499        0G   0.03006   0.04432  0.002985   0.07737        83       640    0.8621    0.8446    0.8188    0.4219   0.03938   0.04014   0.01312
   419/499        0G    0.0307   0.03865  0.002737   0.07209        31       640    0.8618    0.8362    0.8169    0.4168   0.03999   0.04086   0.01317
   420/499        0G   0.02947     0.037  0.004356   0.07083        17       640    0.8618    0.8354     0.811    0.4103   0.03973    0.0415   0.01291
   421/499        0G   0.03079   0.03522  0.002833   0.06884        56       640     0.874    0.8446     0.818    0.4139   0.04015   0.04238    0.0125
   422/499        0G   0.02816   0.03894  0.002876   0.06998        57       640    0.8517    0.8447    0.8155     0.409   0.04022   0.04262   0.01242
   423/499        0G   0.02809   0.03722  0.002917   0.06822        23       640     0.845    0.8445    0.8204     0.407   0.04038   0.04245   0.01222
   424/499        0G   0.02786   0.03669  0.003247   0.06779        16       640    0.8416    0.8625    0.8264    0.4126   0.04027   0.04219   0.01194
   425/499        0G   0.02667   0.04058  0.002834   0.07008        62       640    0.8378    0.8628    0.8313    0.4218   0.03995   0.04155   0.01182
   426/499        0G   0.02755   0.03955  0.003421   0.07051        36       640     0.843    0.8627    0.8405    0.4259   0.03954    0.0411   0.01174
   427/499        0G   0.02832   0.03721  0.002623   0.06815        46       640    0.8385    0.8672    0.8434    0.4238   0.03986   0.04085   0.01157
   428/499        0G   0.02763   0.03944  0.002703   0.06978        68       640    0.8357    0.8674    0.8461    0.4277   0.03955   0.04052    0.0111
   429/499        0G   0.02931   0.03455  0.003179   0.06704        30       640    0.8329    0.8811    0.8499    0.4243   0.03969   0.04057   0.01081
   430/499        0G   0.02836   0.03857  0.002715   0.06964        57       640    0.8331    0.8555    0.8451    0.4348   0.03988   0.04063   0.01095
   431/499        0G   0.02743   0.04017  0.002419   0.07002        60       640    0.8127    0.8554    0.8355    0.4291   0.03982   0.04066   0.01122
   432/499        0G   0.02638   0.03473  0.002501   0.06361        21       640    0.8269    0.8265    0.8332    0.4229   0.03953   0.04049   0.01144
   433/499        0G   0.02786   0.03652  0.002677   0.06706        21       640    0.8178    0.8586    0.8303     0.418   0.03968   0.04044   0.01163
   434/499        0G   0.02842    0.0374  0.003271   0.06909        28       640    0.8392     0.854    0.8261    0.4132   0.03974    0.0406   0.01188
   435/499        0G   0.02839   0.04101  0.002649   0.07204        73       640    0.8405    0.8539    0.8245    0.4157    0.0402   0.04068   0.01213
   436/499        0G   0.02684   0.03327  0.002449   0.06256        29       640    0.8286    0.8312    0.8229    0.4036   0.04009   0.04104   0.01252
   437/499        0G   0.02825   0.03746   0.00234   0.06806        55       640     0.806    0.8038    0.8045    0.4007   0.04052   0.04222   0.01285
   438/499        0G   0.02759   0.03766  0.002251    0.0675        46       640    0.8189    0.7673    0.7884     0.393   0.04015   0.04392    0.0127
   439/499        0G   0.02804   0.03481   0.00258   0.06544        30       640    0.7729    0.7946    0.7762    0.3851   0.04109    0.0466    0.0128
   440/499        0G   0.02752   0.03875  0.002237   0.06851        29       640    0.8241    0.7552    0.7651    0.3784    0.0416   0.04812   0.01313
   441/499        0G   0.02763   0.03652  0.002796   0.06694        37       640    0.8387    0.7588    0.7697    0.3836   0.04164   0.04771   0.01276
   442/499        0G   0.02834   0.04142  0.002514   0.07227        50       640    0.8448    0.7861    0.7933    0.4003   0.04108   0.04606   0.01216
   443/499        0G   0.02646   0.03278  0.002473   0.06171        34       640    0.8299    0.8354    0.8125    0.4153   0.04068    0.0435   0.01171
   444/499        0G   0.02728   0.03611   0.00285   0.06624        21       640    0.8462    0.8674    0.8292    0.4209   0.03967   0.04105   0.01157
   445/499        0G   0.02791   0.03861  0.002527   0.06905        37       640    0.8264    0.8447    0.8048    0.4348   0.03933   0.03992    0.0119
   446/499        0G   0.02621   0.03451   0.00283   0.06355        21       640    0.8406    0.8173    0.8057    0.4324   0.03935   0.03952   0.01189
   447/499        0G   0.02731   0.03804  0.002291   0.06765        45       640    0.8362    0.8266    0.8088    0.4296   0.03929   0.03918   0.01179
   448/499        0G   0.02682   0.03974  0.002538    0.0691        38       640    0.8716    0.8312    0.8328    0.4268   0.03955   0.03927   0.01198
   449/499        0G   0.02772   0.04062  0.002809   0.07115        48       640    0.8718    0.8302    0.8314     0.424   0.03978   0.03942   0.01213
   450/499        0G     0.027   0.03573  0.002939   0.06567        29       640    0.8705    0.8266    0.8343    0.4203    0.0399   0.03944   0.01206
   451/499        0G   0.02735   0.03865  0.002633   0.06864        52       640    0.8325    0.8632    0.8363    0.4261   0.03989   0.03942   0.01185
   452/499        0G   0.02804   0.03601  0.001951     0.066        18       640    0.8725    0.8561    0.8461    0.4315   0.03965   0.03921   0.01159
   453/499        0G   0.02642   0.03322  0.002547   0.06219        15       640    0.8584    0.8812    0.8495    0.4386   0.03977   0.03927   0.01149
   454/499        0G   0.02663   0.03885  0.002096   0.06758        48       640    0.8595    0.8813    0.8444    0.4324   0.03994   0.03957   0.01153
   455/499        0G   0.02714   0.03534  0.002854   0.06533        25       640     0.875    0.8585    0.8422     0.423   0.03981    0.0397   0.01162
   456/499        0G   0.02553   0.03277  0.002454   0.06076        24       640    0.8695    0.8312    0.8327    0.4173   0.04014   0.04002   0.01202
   457/499        0G   0.02723   0.03739  0.003121   0.06774        57       640    0.8344    0.8131    0.7922    0.4178    0.0401   0.04043   0.01235
   458/499        0G   0.02633   0.03632  0.003004   0.06565        15       640     0.834     0.822    0.7866     0.418   0.04055   0.04128   0.01224
   459/499        0G   0.02749   0.03699  0.002519   0.06701        44       640    0.8763    0.8214     0.825    0.4175   0.04019   0.04186   0.01213
   460/499        0G   0.02725   0.03304  0.002567   0.06286        45       640    0.8615    0.8401    0.8177    0.4128    0.0405   0.04205   0.01213
   461/499        0G   0.02811    0.0377  0.002297   0.06811        27       640    0.8287    0.8172    0.7833    0.4111   0.04035    0.0421   0.01201
   462/499        0G   0.02736   0.03825   0.00264   0.06825        40       640     0.855    0.7857    0.7847    0.4094   0.04044   0.04204   0.01181
   463/499        0G   0.02693   0.03544  0.002599   0.06497        14       640    0.8625    0.8354    0.8344     0.416   0.04019    0.0414   0.01158
   464/499        0G   0.02674   0.03756  0.002455   0.06676        55       640    0.8666    0.8369    0.8383     0.426   0.04026   0.04063   0.01157
   465/499        0G   0.02779   0.03934  0.002782   0.06991        68       640    0.8665    0.8346    0.8398     0.423   0.04003   0.04019   0.01191
   466/499        0G   0.02611   0.03538  0.002425   0.06391        33       640    0.8848    0.8321    0.8384    0.4235   0.03994   0.04032   0.01224
   467/499        0G   0.02681   0.03948  0.002317   0.06861        81       640    0.8802    0.8308    0.8323    0.4237   0.03986   0.04025   0.01228
   468/499        0G   0.02713   0.03624  0.002327   0.06569        57       640    0.8963    0.8081    0.8353    0.4285   0.03972   0.03992   0.01231
   469/499        0G   0.02782      0.04  0.002585   0.07041        48       640    0.8394    0.8678    0.8364    0.4279    0.0396   0.03958   0.01227
   470/499        0G   0.02665   0.03751  0.002331   0.06649        80       640    0.8812    0.8535    0.8353    0.4265   0.03945    0.0393   0.01228
   471/499        0G   0.02627   0.03342  0.003701   0.06339        10       640    0.8762    0.8631    0.8355    0.4241   0.03929   0.03905   0.01218
   472/499        0G   0.02604   0.03139  0.002912   0.06035        14       640    0.8706    0.8585    0.8359     0.423   0.03975   0.03915   0.01198
   473/499        0G   0.02677   0.03469    0.0025   0.06396        28       640    0.8724    0.8586    0.8438    0.4204   0.03956   0.03967   0.01178
   474/499        0G    0.0275   0.03899  0.002314    0.0688        30       640    0.8679    0.8803    0.8415      0.42    0.0401   0.04047   0.01166
   475/499        0G   0.02719   0.03769   0.00257   0.06744        18       640    0.8681    0.8853    0.8419    0.4196      0.04    0.0408   0.01161
   476/499        0G   0.02749   0.03903  0.002688   0.06921        44       640    0.8812    0.8545    0.8389    0.4209   0.04034   0.04136   0.01159
   477/499        0G   0.02757   0.03642  0.002189   0.06617        44       640    0.8781    0.8585    0.8401    0.4037   0.04003    0.0412   0.01145
   478/499        0G   0.02894   0.03955  0.002575   0.07106        54       640    0.8786    0.8539    0.8381    0.4122   0.04036   0.04118   0.01139
   479/499        0G   0.02825   0.03679  0.002643   0.06769        18       640    0.8792    0.8586    0.8492     0.416   0.03998   0.04042   0.01139
   480/499        0G   0.02681   0.03357  0.002496   0.06288        32       640    0.8901    0.8777    0.8544    0.4212   0.04004    0.0399   0.01153
   481/499        0G   0.02744   0.03663  0.002328   0.06641        27       640    0.8882    0.8675    0.8532    0.4233   0.03977   0.03983   0.01169
   482/499        0G   0.02848   0.03667  0.002715   0.06786        46       640    0.8884    0.8581    0.8518    0.4291   0.04035   0.04011   0.01192
   483/499        0G   0.02741   0.03649  0.002419   0.06631        29       640    0.8812    0.8721    0.8555    0.4274   0.03976   0.04023   0.01185
   484/499        0G   0.02819   0.03729  0.002156   0.06764        71       640    0.8792    0.8813    0.8553    0.4295   0.03981   0.04051   0.01157
   485/499        0G   0.02796   0.03701  0.002117   0.06709        33       640     0.889    0.8813    0.8529     0.427   0.03986   0.04068   0.01135
   486/499        0G   0.02679   0.03515  0.002307   0.06425        30       640    0.8871    0.8813    0.8487    0.4232   0.04009   0.04082   0.01129
   487/499        0G   0.02583   0.03248  0.002661   0.06097        53       640    0.8813    0.8813    0.8488     0.427   0.04018   0.04087   0.01127
   488/499        0G   0.02712   0.03524  0.005324   0.06768        14       640    0.8858    0.8832    0.8524    0.4267   0.04039   0.04083    0.0112
   489/499        0G   0.02591   0.03432  0.002092   0.06231        19       640    0.9051    0.8841    0.8584    0.4358   0.04006    0.0409    0.0112
   490/499        0G   0.02659   0.03504  0.002417   0.06405        29       640    0.8787    0.8859    0.8554    0.4324   0.04021     0.041   0.01133
   491/499        0G   0.02648   0.03361   0.00227   0.06236        10       640    0.8976    0.8369    0.8498    0.4329   0.04015   0.04103   0.01149
   492/499        0G   0.02655    0.0346  0.003011   0.06416        34       640    0.8978    0.8405    0.8468    0.4265    0.0399     0.041   0.01166
   493/499        0G   0.02785   0.03935  0.002693   0.06989        48       640    0.8969    0.8405    0.8456    0.4375   0.03963   0.04076   0.01178
   494/499        0G    0.0273   0.04024  0.002545   0.07009        26       640    0.8941    0.8404    0.8413    0.4266   0.03975   0.04081   0.01182
   495/499        0G   0.02659   0.03752  0.002912   0.06703        74       640    0.8973    0.8283    0.8409    0.4247      0.04   0.04125   0.01186
   496/499        0G   0.02657   0.03503  0.002442   0.06404        64       640    0.8761    0.8259    0.8365    0.4115    0.0401   0.04177   0.01192
   497/499        0G   0.02711   0.03653  0.002452   0.06609        46       640    0.8451    0.8555    0.8302    0.4146   0.04054   0.04281    0.0119
   498/499        0G   0.02698   0.03547  0.002648    0.0651        27       640    0.8558    0.8525     0.831    0.4216   0.04043   0.04317   0.01182
   499/499        0G   0.02656   0.03622  0.002301   0.06508        97       640    0.8396    0.8218     0.805    0.4143   0.04037   0.04271   0.01161
