1 0.425 0.3109375 0.0609375 0.0515625
1 0.490625 0.3109375 0.046875 0.059375
1 0.484375 0.3890625 0.0578125 0.04375
1 0.653125 0.390625 0.0546875 0.040625
1 0.740625 0.39375 0.0453125 0.0546875
1 0.4296875 0.4734375 0.0578125 0.0453125
1 0.578125 0.465625 0.0515625 0.04375
1 0.653125 0.471875 0.0390625 0.04375
1 0.6203125 0.5453125 0.059375 0.0421875
1 0.4390625 0.61875 0.0484375 0.0421875
1 0.5171875 0.6171875 0.059375 0.040625
1 0.4921875 0.6890625 0.05 0.0453125
1 0.4109375 0.7453125 0.0375 0.0359375
0 0.5015625 0.7453125 0.05 0.0359375
1 0.55 0.7375 0.04375 0.034375
1 0.7375 0.73125 0.0453125 0.04375