1 0.5453125 0.309375 0.0640625 0.05625
1 0.7734375 0.3171875 0.059375 0.04375
1 0.6625 0.3984375 0.05 0.0453125
1 0.571875 0.3921875 0.053125 0.053125
1 0.515625 0.3875 0.0453125 0.0515625
1 0.490625 0.475 0.05 0.0484375
1 0.4328125 0.478125 0.05 0.046875
1 0.490625 0.5515625 0.0546875 0.046875
1 0.6515625 0.5546875 0.0484375 0.05
1 0.7265625 0.5484375 0.0453125 0.046875
1 0.6453125 0.621875 0.0375 0.0453125
1 0.575 0.621875 0.05 0.04375
1 0.615625 0.68125 0.0453125 0.0375
1 0.4359375 0.6265625 0.0484375 0.0390625
1 0.515625 0.7421875 0.0578125 0.0484375
1 0.4453125 0.7453125 0.0453125 0.0390625