1 0.4859375 0.334375 0.059375 0.040625
1 0.6640625 0.3390625 0.0640625 0.0421875
1 0.7453125 0.34375 0.0421875 0.046875
1 0.6546875 0.4171875 0.053125 0.0484375
1 0.58125 0.415625 0.0515625 0.0421875
1 0.4328125 0.421875 0.05625 0.040625
1 0.6171875 0.496875 0.0453125 0.04375
1 0.5109375 0.56875 0.053125 0.034375
1 0.4390625 0.5671875 0.0515625 0.040625
1 0.484375 0.6421875 0.053125 0.0390625
1 0.4140625 0.7046875 0.040625 0.0421875
1 0.5515625 0.7015625 0.0484375 0.040625
0 0.5046875 0.7 0.0484375 0.040625
1 0.7359375 0.6921875 0.046875 0.04375
1 0.4875 0.7546875 0.0453125 0.034375
1 0.565625 0.7578125 0.0484375 0.0328125
1 0.625 0.75625 0.05625 0.0296875
1 0.728125 0.74375 0.0390625 0.034375