1 0.51875 0.3546875 0.059375 0.040625
1 0.603125 0.3546875 0.0546875 0.04375
1 0.490625 0.43125 0.05625 0.0421875
1 0.628125 0.4375 0.046875 0.0453125
1 0.6015625 0.50625 0.0515625 0.046875
1 0.4640625 0.5078125 0.0515625 0.0421875
1 0.415625 0.590625 0.0484375 0.040625
1 0.4640625 0.590625 0.0390625 0.0453125
1 0.5703125 0.584375 0.0546875 0.046875
1 0.515625 0.6546875 0.0578125 0.04375
1 0.4609375 0.715625 0.046875 0.04375
1 0.6125 0.709375 0.0421875 0.0421875
0 0.5421875 0.5125 0.0515625 0.05