1 0.4953125 0.3328125 0.0515625 0.040625
1 0.5734375 0.328125 0.0453125 0.053125
1 0.63125 0.3359375 0.059375 0.05
1 0.434375 0.4171875 0.0515625 0.04375
1 0.5125 0.490625 0.0546875 0.0515625
1 0.4859375 0.5703125 0.053125 0.0421875
1 0.65 0.5671875 0.0515625 0.0375
0 0.6421875 0.6359375 0.046875 0.0390625
1 0.6984375 0.6328125 0.040625 0.040625
1 0.740625 0.63125 0.0421875 0.0421875
0 0.5640625 0.56875 0.053125 0.0515625
0 0.51875 0.4171875 0.0546875 0.05
0 0.6578125 0.415625 0.0546875 0.0484375
1 0.5421875 0.6984375 0.05625 0.04375
1 0.4671875 0.7546875 0.0484375 0.0375
1 0.55 0.753125 0.05625 0.0359375
1 0.615625 0.753125 0.040625 0.0296875
1 0.6453125 0.7 0.046875 0.0515625