1 0.478125 0.3890625 0.046875 0.0421875
1 0.5421875 0.3890625 0.0515625 0.0421875
1 0.7109375 0.3890625 0.0578125 0.046875
1 0.5234375 0.4671875 0.05625 0.0515625
1 0.4921875 0.55 0.04375 0.0421875
1 0.56875 0.546875 0.0421875 0.0453125
1 0.621875 0.55 0.0421875 0.0484375
1 0.440625 0.621875 0.0515625 0.040625
1 0.509375 0.684375 0.0421875 0.046875
1 0.4875 0.74375 0.0484375 0.03125
0 0.5234375 0.6125 0.05625 0.0484375
0 0.65 0.6171875 0.0546875 0.05
0 0.5578125 0.740625 0.0453125 0.0359375
1 0.6421875 0.7375 0.046875 0.0375