0 0.509375 0.3265625 0.05625 0.05625
1 0.48125 0.4125 0.0609375 0.0484375
1 0.659375 0.415625 0.0640625 0.040625
0 0.565625 0.409375 0.0609375 0.0515625
1 0.646875 0.49375 0.0546875 0.0390625
1 0.703125 0.49375 0.040625 0.04375
1 0.7546875 0.49375 0.0484375 0.046875
1 0.6453125 0.565625 0.04375 0.05
1 0.546875 0.5703125 0.0578125 0.0484375
1 0.465625 0.6359375 0.0421875 0.0390625
1 0.5453125 0.6328125 0.059375 0.0421875
1 0.61875 0.63125 0.0546875 0.040625
1 0.521875 0.7 0.046875 0.040625
1 0.59375 0.696875 0.0484375 0.0375
1 0.6171875 0.7515625 0.0546875 0.0359375
1 0.5015625 0.7546875 0.0546875 0.03125